1137.649	971.061	-8.255	-1.652
1136.823	970.896	-8.248	-1.652
1135.999	970.73	-8.224	-1.648
1135.176	970.565	-8.18	-1.64
1134.358	970.401	-8.119	-1.629
1133.546	970.238	-8.043	-1.615
1132.742	970.076	-7.956	-1.599
1131.947	969.916	-7.862	-1.58
1131.16	969.758	-7.765	-1.561
1130.384	969.602	-7.667	-1.541
1129.617	969.448	-7.57	-1.52
1128.86	969.297	-7.477	-1.499
1128.112	969.147	-7.388	-1.479
1127.373	969	-7.304	-1.458
1126.643	968.855	-7.225	-1.438
1125.92	968.712	-7.15	-1.419
1125.205	968.571	-7.079	-1.4
1124.497	968.432	-7.011	-1.382
1123.796	968.295	-6.943	-1.363
1123.101	968.16	-6.875	-1.345
1122.413	968.026	-6.805	-1.326
1121.733	967.895	-6.732	-1.306
1121.059	967.765	-6.655	-1.286
1120.393	967.638	-6.574	-1.264
1119.736	967.513	-6.487	-1.24
1119.087	967.391	-6.397	-1.215
1118.447	967.271	-6.303	-1.189
1117.816	967.154	-6.208	-1.161
1117.195	967.041	-6.111	-1.132
1116.583	966.93	-6.016	-1.102
1115.981	966.823	-5.925	-1.071
1115.388	966.72	-5.838	-1.041
1114.803	966.619	-5.757	-1.011
1114.227	966.522	-5.685	-0.982
1113.658	966.428	-5.622	-0.955
1113.095	966.337	-5.567	-0.929
1112.537	966.248	-5.523	-0.905
1111.984	966.162	-5.488	-0.883
1111.435	966.077	-5.462	-0.863
1110.888	965.995	-5.444	-0.846
1110.343	965.914	-5.433	-0.83
1109.799	965.834	-5.427	-0.817
1109.256	965.755	-5.426	-0.805
1108.713	965.677	-5.427	-0.796
1108.17	965.599	-5.43	-0.789
1107.627	965.522	-5.433	-0.784
1107.084	965.444	-5.435	-0.782
1106.54	965.366	-5.436	-0.782
1105.997	965.287	-5.436	-0.784
1105.453	965.208	-5.433	-0.788
1104.91	965.127	-5.43	-0.794
1104.367	965.046	-5.424	-0.802
1103.825	964.963	-5.417	-0.811
1103.284	964.879	-5.409	-0.822
1102.743	964.793	-5.399	-0.834
1102.204	964.706	-5.388	-0.847
1101.666	964.617	-5.376	-0.859
1101.129	964.528	-5.362	-0.872
1100.593	964.437	-5.347	-0.883
1100.059	964.345	-5.33	-0.894
1099.526	964.253	-5.31	-0.903
1098.996	964.16	-5.288	-0.91
1098.467	964.066	-5.263	-0.914
1097.941	963.973	-5.235	-0.916
1097.418	963.88	-5.204	-0.916
1096.898	963.788	-5.171	-0.912
1096.381	963.697	-5.135	-0.906
1095.867	963.607	-5.097	-0.896
1095.357	963.519	-5.057	-0.884
1094.851	963.432	-5.014	-0.87
1094.349	963.348	-4.968	-0.852
1093.852	963.266	-4.918	-0.833
1093.359	963.187	-4.864	-0.811
1092.872	963.11	-4.804	-0.787
1092.391	963.036	-4.739	-0.761
1091.916	962.964	-4.668	-0.734
1091.448	962.896	-4.591	-0.706
1090.988	962.83	-4.507	-0.677
1090.537	962.768	-4.417	-0.648
1090.094	962.708	-4.321	-0.62
1089.662	962.65	-4.219	-0.592
1089.239	962.595	-4.112	-0.565
1088.827	962.543	-4	-0.539
1088.427	962.492	-3.883	-0.514
1088.038	962.443	-3.764	-0.491
1087.662	962.396	-3.643	-0.469
1087.297	962.351	-3.521	-0.448
1086.945	962.308	-3.399	-0.429
1086.605	962.266	-3.279	-0.411
1086.277	962.225	-3.162	-0.394
1085.96	962.186	-3.049	-0.378
1085.655	962.149	-2.939	-0.364
1085.361	962.112	-2.835	-0.35
1085.078	962.077	-2.737	-0.338
1084.804	962.043	-2.645	-0.326
1084.54	962.01	-2.559	-0.316
1084.284	961.979	-2.479	-0.306
1084.036	961.948	-2.405	-0.297
1083.795	961.918	-2.336	-0.289
1083.562	961.888	-2.273	-0.282
1083.335	961.86	-2.214	-0.275
1083.113	961.832	-2.16	-0.269
1082.897	961.804	-2.109	-0.264
1082.686	961.777	-2.063	-0.259
1082.48	961.75	-2.021	-0.255
1082.278	961.724	-1.984	-0.252
1082.08	961.698	-1.953	-0.249
1081.885	961.672	-1.929	-0.248
1081.692	961.645	-1.911	-0.247
1081.501	961.619	-1.901	-0.248
1081.311	961.593	-1.899	-0.249
1081.122	961.567	-1.905	-0.252
1080.931	961.54	-1.919	-0.256
1080.74	961.512	-1.941	-0.262
1080.546	961.485	-1.971	-0.268
1080.349	961.456	-2.008	-0.276
1080.148	961.427	-2.052	-0.285
1079.943	961.396	-2.102	-0.295
1079.733	961.365	-2.158	-0.306
1079.518	961.332	-2.219	-0.318
1079.296	961.299	-2.285	-0.331
1079.068	961.264	-2.355	-0.344
1078.833	961.227	-2.428	-0.359
1078.59	961.189	-2.505	-0.374
1078.34	961.15	-2.584	-0.389
1078.082	961.109	-2.667	-0.406
1077.815	961.067	-2.752	-0.422
1077.54	961.023	-2.84	-0.439
1077.257	960.977	-2.931	-0.457
1076.964	960.93	-3.025	-0.475
1076.661	960.881	-3.121	-0.492
1076.35	960.831	-3.219	-0.51
1076.028	960.779	-3.318	-0.528
1075.696	960.725	-3.419	-0.545
1075.354	960.67	-3.519	-0.561
1075.002	960.614	-3.619	-0.577
1074.64	960.557	-3.718	-0.591
1074.268	960.498	-3.814	-0.605
1073.887	960.438	-3.907	-0.616
1073.496	960.378	-3.996	-0.626
1073.096	960.317	-4.082	-0.635
1072.688	960.255	-4.163	-0.641
1072.271	960.193	-4.24	-0.645
1071.847	960.131	-4.312	-0.647
1071.415	960.07	-4.378	-0.647
1070.977	960.008	-4.439	-0.645
1070.532	959.948	-4.493	-0.64
1070.082	959.888	-4.541	-0.632
1069.627	959.83	-4.582	-0.622
1069.169	959.773	-4.616	-0.608
1068.706	959.718	-4.643	-0.592
1068.241	959.665	-4.664	-0.573
1067.774	959.615	-4.681	-0.552
1067.305	959.567	-4.693	-0.528
1066.835	959.522	-4.702	-0.502
1066.364	959.48	-4.71	-0.475
1065.892	959.442	-4.718	-0.445
1065.419	959.407	-4.727	-0.415
1064.946	959.375	-4.739	-0.383
1064.471	959.346	-4.755	-0.351
1063.995	959.322	-4.778	-0.318
1063.516	959.3	-4.807	-0.284
1063.035	959.283	-4.843	-0.25
1062.55	959.268	-4.886	-0.215
1062.061	959.257	-4.935	-0.18
1061.568	959.25	-4.988	-0.144
1061.069	959.246	-5.044	-0.107
1060.564	959.246	-5.1	-0.07
1060.054	959.25	-5.154	-0.033
1059.539	959.257	-5.204	0.005
1059.018	959.267	-5.248	0.042
1058.494	959.281	-5.285	0.078
1057.966	959.299	-5.314	0.114
1057.434	959.319	-5.336	0.149
1056.901	959.343	-5.35	0.182
1056.366	959.369	-5.358	0.214
1055.831	959.399	-5.36	0.243
1055.295	959.43	-5.356	0.271
1054.76	959.464	-5.349	0.296
1054.225	959.5	-5.339	0.319
1053.692	959.538	-5.326	0.341
1053.16	959.577	-5.313	0.36
1052.629	959.618	-5.3	0.377
1052.099	959.66	-5.287	0.393
1051.57	959.704	-5.275	0.408
1051.043	959.748	-5.265	0.421
1050.517	959.793	-5.256	0.433
1049.991	959.84	-5.247	0.444
1049.467	959.888	-5.239	0.455
1048.943	959.936	-5.231	0.466
1048.42	959.986	-5.222	0.476
1047.898	960.036	-5.21	0.486
1047.378	960.088	-5.195	0.496
1046.859	960.141	-5.175	0.506
1046.341	960.194	-5.152	0.515
1045.827	960.249	-5.123	0.525
1045.315	960.305	-5.089	0.534
1044.806	960.362	-5.051	0.544
1044.302	960.421	-5.009	0.552
1043.801	960.48	-4.965	0.561
1043.305	960.539	-4.919	0.569
1042.814	960.6	-4.873	0.577
1042.327	960.661	-4.829	0.584
1041.844	960.723	-4.787	0.591
1041.366	960.786	-4.75	0.598
1040.891	960.849	-4.72	0.606
1040.42	960.913	-4.698	0.613
1039.95	960.977	-4.685	0.621
1039.482	961.042	-4.682	0.63
1039.014	961.107	-4.69	0.639
1038.546	961.173	-4.709	0.65
1038.075	961.241	-4.738	0.661
1037.602	961.309	-4.775	0.674
1037.124	961.378	-4.82	0.687
1036.643	961.449	-4.871	0.7
1036.156	961.521	-4.926	0.715
1035.663	961.594	-4.985	0.73
1035.165	961.669	-5.045	0.746
1034.661	961.746	-5.106	0.763
1034.151	961.825	-5.165	0.781
1033.635	961.905	-5.221	0.799
1033.113	961.988	-5.273	0.817
1032.586	962.073	-5.319	0.837
1032.055	962.16	-5.361	0.856
1031.519	962.249	-5.396	0.877
1030.98	962.341	-5.425	0.898
1030.439	962.435	-5.448	0.92
1029.895	962.532	-5.465	0.941
1029.349	962.631	-5.478	0.963
1028.802	962.732	-5.486	0.985
1028.254	962.836	-5.491	1.007
1027.706	962.941	-5.493	1.028
1027.158	963.049	-5.494	1.048
1026.609	963.159	-5.493	1.067
1026.061	963.27	-5.493	1.085
1025.512	963.382	-5.494	1.103
1024.964	963.497	-5.498	1.119
1024.415	963.612	-5.507	1.135
1023.865	963.729	-5.52	1.151
1023.313	963.847	-5.539	1.167
1022.76	963.966	-5.565	1.182
1022.204	964.086	-5.598	1.199
1021.644	964.208	-5.638	1.215
1021.081	964.331	-5.686	1.233
1020.513	964.456	-5.741	1.252
1019.939	964.583	-5.803	1.272
1019.359	964.712	-5.872	1.294
1018.772	964.843	-5.949	1.317
1018.178	964.976	-6.031	1.343
1017.575	965.112	-6.119	1.37
1016.963	965.251	-6.21	1.399
1016.343	965.393	-6.305	1.43
1015.713	965.538	-6.403	1.462
1015.073	965.686	-6.5	1.495
1014.423	965.838	-6.597	1.53
1013.764	965.994	-6.69	1.564
1013.096	966.153	-6.779	1.598
1012.419	966.315	-6.86	1.632
1011.733	966.481	-6.932	1.664
1011.041	966.65	-6.993	1.693
1010.342	966.822	-7.041	1.72
1009.639	966.997	-7.076	1.744
1008.932	967.174	-7.098	1.765
1008.223	967.353	-7.108	1.782
1007.512	967.534	-7.11	1.798
1006.802	967.717	-7.106	1.812