1098.646	1011.688	-7.355	0.312
1097.911	1011.72	-7.344	0.316
1097.176	1011.752	-7.315	0.319
1096.445	1011.785	-7.267	0.322
1095.718	1011.819	-7.206	0.325
1094.998	1011.852	-7.136	0.328
1094.284	1011.886	-7.063	0.331
1093.578	1011.921	-6.99	0.335
1092.879	1011.956	-6.92	0.34
1092.187	1011.992	-6.852	0.346
1091.502	1012.029	-6.785	0.353
1090.823	1012.067	-6.715	0.361
1090.152	1012.106	-6.635	0.37
1089.489	1012.146	-6.54	0.378
1088.835	1012.187	-6.423	0.385
1088.193	1012.229	-6.276	0.39
1087.565	1012.271	-6.095	0.393
1086.956	1012.313	-5.874	0.391
1086.369	1012.356	-5.61	0.385
1085.808	1012.397	-5.305	0.373
1085.278	1012.436	-4.961	0.357
1084.782	1012.474	-4.583	0.335
1084.324	1012.509	-4.179	0.31
1083.906	1012.541	-3.761	0.281
1083.53	1012.569	-3.339	0.251
1083.196	1012.594	-2.925	0.22
1082.903	1012.615	-2.532	0.19
1082.65	1012.633	-2.17	0.162
1082.433	1012.648	-1.846	0.137
1082.248	1012.66	-1.567	0.115
1082.091	1012.67	-1.337	0.098
1081.958	1012.679	-1.155	0.084
1081.842	1012.686	-1.021	0.073
1081.74	1012.692	-0.93	0.066
1081.647	1012.698	-0.877	0.062
1081.559	1012.704	-0.855	0.06
1081.473	1012.709	-0.857	0.06
1081.388	1012.715	-0.877	0.061
1081.3	1012.721	-0.908	0.063
1081.209	1012.726	-0.944	0.066
1081.115	1012.733	-0.979	0.068
1081.017	1012.739	-1.012	0.07
1080.915	1012.745	-1.038	0.071
1080.812	1012.752	-1.057	0.072
1080.706	1012.758	-1.069	0.072
1080.599	1012.765	-1.074	0.072
1080.492	1012.771	-1.074	0.071
1080.384	1012.778	-1.072	0.071
1080.277	1012.784	-1.07	0.07
1080.17	1012.79	-1.071	0.069
1080.062	1012.796	-1.079	0.069
1079.955	1012.802	-1.097	0.07
1079.845	1012.808	-1.129	0.071
1079.732	1012.814	-1.18	0.073
1079.614	1012.821	-1.252	0.077
1079.488	1012.827	-1.35	0.082
1079.353	1012.835	-1.476	0.089
1079.206	1012.843	-1.634	0.097
1079.042	1012.852	-1.824	0.107
1078.86	1012.862	-2.044	0.118
1078.655	1012.873	-2.293	0.13
1078.426	1012.886	-2.565	0.143
1078.169	1012.899	-2.856	0.157
1077.884	1012.914	-3.158	0.169
1077.568	1012.929	-3.464	0.181
1077.221	1012.946	-3.765	0.191
1076.845	1012.963	-4.055	0.2
1076.439	1012.98	-4.327	0.207
1076.006	1012.998	-4.577	0.214
1075.548	1013.017	-4.801	0.219
1075.068	1013.037	-5	0.225
1074.568	1013.058	-5.172	0.232
1074.05	1013.08	-5.319	0.239
1073.518	1013.104	-5.444	0.246
1072.974	1013.129	-5.55	0.254
1072.419	1013.155	-5.64	0.262
1071.855	1013.181	-5.718	0.269
1071.283	1013.209	-5.787	0.275
1070.704	1013.237	-5.851	0.28
1070.119	1013.265	-5.912	0.284
1069.528	1013.294	-5.97	0.286
1068.931	1013.322	-6.029	0.288
1068.328	1013.351	-6.089	0.289
1067.719	1013.379	-6.149	0.289
1067.104	1013.407	-6.211	0.289
1066.483	1013.436	-6.274	0.29
1065.856	1013.464	-6.338	0.291
1065.222	1013.493	-6.403	0.293
1064.581	1013.523	-6.469	0.295
1063.934	1013.552	-6.535	0.299
1063.281	1013.583	-6.601	0.304
1062.621	1013.614	-6.667	0.311
1061.954	1013.646	-6.732	0.319
1061.281	1013.679	-6.796	0.327
1060.601	1013.713	-6.859	0.337
1059.916	1013.748	-6.921	0.347
1059.223	1013.784	-6.982	0.357
1058.525	1013.821	-7.04	0.368
1057.821	1013.859	-7.097	0.378
1057.112	1013.898	-7.151	0.388
1056.397	1013.938	-7.204	0.397
1055.676	1013.979	-7.255	0.405
1054.951	1014.021	-7.303	0.412
1054.221	1014.062	-7.35	0.418
1053.486	1014.105	-7.395	0.424
1052.746	1014.148	-7.438	0.428
1052.003	1014.191	-7.48	0.431
1051.255	1014.234	-7.522	0.435
1050.502	1014.278	-7.564	0.438
1049.746	1014.321	-7.607	0.441
1048.985	1014.366	-7.652	0.444
1048.22	1014.41	-7.698	0.447
1047.45	1014.455	-7.745	0.451
1046.676	1014.5	-7.793	0.455
1045.897	1014.546	-7.842	0.459
1045.112	1014.592	-7.889	0.463
1044.323	1014.639	-7.936	0.467
1043.53	1014.685	-7.98	0.47
1042.732	1014.732	-8.02	0.472
1041.93	1014.779	-8.057	0.474
1041.124	1014.827	-8.091	0.474
1040.315	1014.874	-8.119	0.474
1039.503	1014.92	-8.144	0.472
1038.689	1014.967	-8.164	0.469
1037.872	1015.013	-8.18	0.466
1037.054	1015.059	-8.191	0.462
1036.235	1015.104	-8.198	0.457
1035.415	1015.149	-8.2	0.453
1034.595	1015.194	-8.198	0.45
1033.775	1015.239	-8.192	0.447
1032.956	1015.283	-8.18	0.445
1032.138	1015.328	-8.162	0.445
1031.322	1015.373	-8.138	0.446
1030.508	1015.418	-8.108	0.447
1029.698	1015.463	-8.07	0.45
1028.891	1015.509	-8.024	0.453
1028.088	1015.556	-7.971	0.456
1027.291	1015.602	-7.911	0.458
1026.5	1015.649	-7.842	0.459
1025.716	1015.696	-7.765	0.458
1024.939	1015.742	-7.68	0.455
1024.171	1015.788	-7.586	0.45
1023.413	1015.832	-7.481	0.442
1022.665	1015.876	-7.367	0.431
1021.928	1015.917	-7.242	0.417
1021.203	1015.957	-7.106	0.401
1020.493	1015.995	-6.96	0.384
1019.796	1016.031	-6.805	0.366
1019.116	1016.066	-6.639	0.347
1018.452	1016.098	-6.466	0.33
1017.805	1016.129	-6.286	0.314
1017.176	1016.159	-6.101	0.3
1016.566	1016.189	-5.913	0.289
1015.975	1016.218	-5.726	0.281
1015.402	1016.247	-5.543	0.277
1014.848	1016.277	-5.368	0.275
1014.311	1016.307	-5.206	0.277
1013.791	1016.339	-5.062	0.281
1013.285	1016.372	-4.939	0.289
1012.791	1016.406	-4.842	0.299
1012.307	1016.441	-4.774	0.312
1011.83	1016.478	-4.735	0.328
1011.357	1016.517	-4.726	0.346
1010.884	1016.558	-4.745	0.367
1010.41	1016.601	-4.789	0.391
1009.932	1016.646	-4.853	0.417
1009.447	1016.694	-4.934	0.446
1008.954	1016.744	-5.026	0.476
1008.452	1016.798	-5.125	0.508
1007.94	1016.854	-5.224	0.54
1007.418	1016.914	-5.32	0.571
1006.887	1016.977	-5.41	0.603
1006.347	1017.043	-5.49	0.632
1005.798	1017.111	-5.56	0.66
1005.243	1017.182	-5.616	0.686
1004.682	1017.256	-5.659	0.71
1004.116	1017.331	-5.69	0.731
1003.548	1017.408	-5.708	0.751
1002.978	1017.488	-5.715	0.768
1002.407	1017.569	-5.712	0.785
1001.836	1017.651	-5.7	0.8
1001.266	1017.735	-5.681	0.814
1000.699	1017.821	-5.656	0.828
1000.134	1017.908	-5.627	0.841
999.572	1017.997	-5.594	0.853
999.013	1018.086	-5.56	0.864
998.458	1018.176	-5.526	0.873
997.906	1018.266	-5.493	0.88
997.357	1018.357	-5.461	0.885
996.811	1018.447	-5.433	0.886
996.267	1018.536	-5.408	0.882
995.726	1018.622	-5.387	0.873
995.187	1018.707	-5.37	0.859
994.649	1018.788	-5.356	0.837
994.113	1018.864	-5.345	0.808
993.576	1018.935	-5.337	0.77
993.04	1019	-5.332	0.723
992.505	1019.058	-5.328	0.666
991.969	1019.107	-5.326	0.599
991.433	1019.146	-5.324	0.521
990.898	1019.175	-5.321	0.432
990.363	1019.191	-5.318	0.332
989.828	1019.195	-5.312	0.222
989.295	1019.184	-5.304	0.1
988.763	1019.159	-5.291	-0.031
988.234	1019.117	-5.274	-0.173
987.707	1019.058	-5.252	-0.324
987.185	1018.982	-5.223	-0.484
986.667	1018.887	-5.187	-0.652
986.155	1018.772	-5.143	-0.826
985.65	1018.639	-5.091	-1.007
985.152	1018.485	-5.031	-1.194
984.664	1018.311	-4.963	-1.384
984.185	1018.117	-4.886	-1.579
983.717	1017.903	-4.801	-1.777
983.26	1017.668	-4.709	-1.977
982.817	1017.413	-4.609	-2.18
982.386	1017.137	-4.502	-2.385
981.97	1016.841	-4.388	-2.592
981.569	1016.525	-4.267	-2.801
981.183	1016.19	-4.137	-3.011
980.814	1015.834	-3.997	-3.221
980.463	1015.459	-3.846	-3.429
980.13	1015.065	-3.682	-3.634
979.817	1014.653	-3.505	-3.833
979.524	1014.224	-3.314	-4.025
979.254	1013.777	-3.109	-4.207
979.007	1013.316	-2.89	-4.377
978.785	1012.841	-2.658	-4.533
978.588	1012.354	-2.415	-4.674
978.417	1011.856	-2.161	-4.798
978.274	1011.35	-1.899	-4.906
978.158	1010.837	-1.63	-4.997
978.07	1010.318	-1.355	-5.072
978.011	1009.797	-1.077	-5.13
977.98	1009.274	-0.796	-5.173
977.979	1008.75	-0.513	-5.2
978.005	1008.228	-0.23	-5.213
978.06	1007.709	0.054	-5.211
978.143	1007.195	0.337	-5.196
978.254	1006.686	0.618	-5.166
978.393	1006.185	0.898	-5.121
978.558	1005.692	1.175	-5.062
978.751	1005.209	1.449	-4.986
978.969	1004.738	1.718	-4.894
979.213	1004.28	1.981	-4.786
979.482	1003.837	2.237	-4.661
979.774	1003.411	2.485	-4.52
980.089	1003.002	2.723	-4.363
980.425	1002.613	2.951	-4.191
980.782	1002.245	3.169	-4.006
981.158	1001.899	3.376	-3.809
981.552	1001.577	3.573	-3.601
981.962	1001.278	3.758	-3.382
982.387	1001.005	3.933	-3.153
982.826	1000.758	4.096	-2.916
983.278	1000.537	4.249	-2.671
983.741	1000.343	4.39	-2.419
984.214	1000.177	4.52	-2.161
984.696	1000.038	4.64	-1.897
985.185	999.927	4.748	-1.629
985.68	999.844	4.846	-1.356
986.181	999.79	4.932	-1.08
986.685	999.762	5.007	-0.802
987.192	999.762	5.07	-0.523
987.701	999.789	5.12	-0.244
988.211	999.842	5.158	0.034
988.72	999.921	5.182	0.309
989.229	1000.025	5.193	0.578
989.736	1000.153	5.189	0.84
990.24	1000.304	5.173	1.091
990.741	1000.476	5.143	1.33
991.238	1000.668	5.102	1.555
991.731	1000.879	5.051	1.763
992.218	1001.106	4.993	1.953
992.7	1001.347	4.93	2.125
993.176	1001.602	4.864	2.279
993.647	1001.868	4.798	2.415
994.113	1002.143	4.733	2.535
994.574	1002.427	4.673	2.638
995.03	1002.717	4.616	2.728
995.482	1003.013	4.565	2.804
995.93	1003.313	4.52	2.869
996.375	1003.617	4.481	2.922
996.818	1003.923	4.447	2.966
997.258	1004.231	4.419	3
997.697	1004.54	4.396	3.025
998.134	1004.849	4.378	3.042
998.571	1005.157	4.364	3.05
999.008	1005.464	4.355	3.05
999.445	1005.769	4.349	3.043
999.883	1006.072	4.347	3.027
1000.322	1006.371	4.349	3.005
1000.762	1006.665	4.355	2.975
1001.203	1006.955	4.363	2.937
1001.647	1007.24	4.375	2.894
1002.093	1007.518	4.39	2.843
1002.541	1007.789	4.409	2.786
1002.992	1008.053	4.43	2.723
1003.446	1008.309	4.453	2.654
1003.903	1008.556	4.478	2.579
1004.362	1008.794	4.505	2.498
1004.825	1009.022	4.532	2.412
1005.291	1009.24	4.559	2.321
1005.759	1009.448	4.587	2.225
1006.23	1009.644	4.615	2.126
1006.704	1009.829	4.642	2.023
1007.18	1010.003	4.67	1.917
1007.659	1010.166	4.699	1.81
1008.14	1010.317	4.729	1.703
1008.623	1010.457	4.762	1.595
1009.109	1010.585	4.798	1.487
1009.597	1010.703	4.838	1.381
1010.089	1010.81	4.882	1.276
1010.584	1010.907	4.93	1.173
1011.084	1010.993	4.982	1.07
1011.588	1011.07	5.037	0.969
1012.096	1011.137	5.093	0.869
1012.61	1011.195	5.148	0.771
1013.128	1011.244	5.2	0.674
1013.651	1011.284	5.247	0.578
1014.178	1011.316	5.286	0.486
1014.708	1011.34	5.316	0.396
1015.242	1011.356	5.336	0.311
1015.776	1011.366	5.345	0.23
1016.312	1011.369	5.342	0.155
1016.847	1011.366	5.328	0.087
1017.38	1011.358	5.303	0.024
1017.911	1011.345	5.268	-0.031
1018.438	1011.329	5.224	-0.08
1018.96	1011.31	5.172	-0.121
1019.478	1011.287	5.113	-0.157
1019.989	1011.263	5.047	-0.186
1020.494	1011.237	4.975	-0.21
1020.992	1011.211	4.898	-0.228
1021.482	1011.183	4.815	-0.241
1021.963	1011.155	4.728	-0.25
1022.436	1011.128	4.635	-0.256
1022.9	1011.1	4.539	-0.258
1023.354	1011.074	4.439	-0.257
1023.798	1011.047	4.335	-0.254
1024.232	1011.022	4.227	-0.248
1024.655	1010.998	4.117	-0.242
1025.067	1010.975	4.004	-0.234
1025.467	1010.952	3.891	-0.226
1025.857	1010.931	3.778	-0.218
1026.235	1010.91	3.667	-0.209
1026.602	1010.89	3.559	-0.201
1026.958	1010.871	3.456	-0.193
1027.303	1010.853	3.359	-0.186
1027.639	1010.835	3.271	-0.18
1027.966	1010.818	3.194	-0.174
1028.286	1010.801	3.129	-0.17
1028.599	1010.784	3.078	-0.167
1028.907	1010.768	3.041	-0.165
1029.211	1010.751	3.021	-0.164
1029.513	1010.734	3.016	-0.164
1029.814	1010.718	3.027	-0.165
1030.117	1010.701	3.054	-0.168
1030.422	1010.683	3.095	-0.171
1030.732	1010.665	3.15	-0.176
1031.047	1010.647	3.215	-0.182
1031.368	1010.628	3.288	-0.188
1031.697	1010.608	3.366	-0.195
1032.034	1010.588	3.445	-0.203
1032.378	1010.566	3.52	-0.21
1032.73	1010.544	3.586	-0.218
1033.089	1010.521	3.641	-0.225
1033.453	1010.497	3.679	-0.231
1033.82	1010.472	3.699	-0.236
1034.19	1010.447	3.697	-0.24
1034.56	1010.422	3.674	-0.242
1034.927	1010.396	3.629	-0.243
1035.29	1010.371	3.562	-0.241
1035.646	1010.346	3.474	-0.238
1035.993	1010.321	3.368	-0.233
1036.33	1010.297	3.245	-0.225
1036.655	1010.274	3.108	-0.217
1036.965	1010.252	2.96	-0.207
1037.261	1010.232	2.804	-0.196
1037.542	1010.212	2.645	-0.185
1037.806	1010.194	2.485	-0.173
1038.055	1010.178	2.329	-0.161
1038.288	1010.163	2.181	-0.15
1038.506	1010.149	2.043	-0.139
1038.711	1010.136	1.919	-0.129
1038.903	1010.124	1.813	-0.121
1039.084	1010.113	1.726	-0.114
1039.257	1010.103	1.66	-0.108
1039.423	1010.094	1.618	-0.104
1039.585	1010.085	1.598	-0.102
1039.745	1010.075	1.603	-0.101
1039.905	1010.066	1.631	-0.101
1040.068	1010.057	1.682	-0.103
1040.236	1010.048	1.754	-0.107
1040.412	1010.038	1.845	-0.111
1040.597	1010.028	1.954	-0.116
1040.792	1010.017	2.077	-0.122
1041	1010.006	2.209	-0.128
1041.221	1009.994	2.348	-0.134
1041.456	1009.981	2.489	-0.14
1041.705	1009.968	2.626	-0.146
1041.967	1009.954	2.756	-0.151
1042.243	1009.94	2.875	-0.156
1042.53	1009.925	2.979	-0.16
1042.828	1009.909	3.067	-0.163
1043.135	1009.893	3.14	-0.167
1043.449	1009.877	3.2	-0.17
1043.769	1009.859	3.25	-0.174
1044.094	1009.841	3.295	-0.178
1044.424	1009.822	3.339	-0.184
1044.758	1009.802	3.389	-0.191
1045.096	1009.781	3.448	-0.199
1045.441	1009.759	3.523	-0.209
1045.794	1009.736	3.615	-0.221
1046.155	1009.711	3.728	-0.235
1046.528	1009.685	3.863	-0.252
1046.914	1009.658	4.02	-0.27
1047.316	1009.628	4.197	-0.292
1047.735	1009.596	4.391	-0.315
1048.174	1009.562	4.597	-0.34
1048.634	1009.526	4.811	-0.366
1049.115	1009.487	5.027	-0.393
1049.617	1009.445	5.237	-0.419
1050.141	1009.401	5.437	-0.443
1050.684	1009.354	5.622	-0.465
1051.247	1009.306	5.788	-0.482
1051.825	1009.257	5.933	-0.495
1052.419	1009.208	6.058	-0.502
1053.025	1009.158	6.162	-0.505
1053.641	1009.109	6.247	-0.502
1054.267	1009.062	6.317	-0.495
1054.899	1009.015	6.375	-0.486
1055.536	1008.969	6.424	-0.474
1056.179	1008.925	6.467	-0.461
1056.826	1008.883	6.509	-0.448
1057.477	1008.841	6.552	-0.436
1058.133	1008.8	6.598	-0.426
1058.793	1008.76	6.65	-0.417
1059.458	1008.721	6.709	-0.41
1060.129	1008.682	6.774	-0.405
1060.806	1008.643	6.845	-0.402
1061.491	1008.604	6.922	-0.401
1062.183	1008.565	7.002	-0.401
1062.883	1008.526	7.084	-0.403
1063.592	1008.486	7.166	-0.406
1064.309	1008.446	7.246	-0.409
1065.033	1008.405	7.323	-0.413
1065.765	1008.364	7.394	-0.417
1066.505	1008.322	7.459	-0.42
1067.251	1008.28	7.516	-0.423
1068.002	1008.238	7.563	-0.426
1068.759	1008.195	7.601	-0.428
1069.519	1008.153	7.627	-0.429
1070.281	1008.11	7.643	-0.43
1071.046	1008.067	7.648	-0.431
1071.811	1008.023	7.643	-0.432
1072.575	1007.979	7.628	-0.434
1073.338	1007.935	7.605	-0.436
1074.098	1007.891	7.574	-0.44
1074.855	1007.846	7.537	-0.444
1075.609	1007.799	7.495	-0.45
1076.358	1007.753	7.449	-0.457
1077.103	1007.705	7.402	-0.466
1077.843	1007.655	7.355	-0.475
1078.579	1007.605	7.31	-0.486
1079.309	1007.554	7.268	-0.497
1080.036	1007.501	7.232	-0.509
1080.759	1007.448	7.202	-0.521
1081.479	1007.393	7.18	-0.534
1082.197	1007.337	7.164	-0.547
1082.913	1007.279	7.155	-0.56
1083.628	1007.22	7.151	-0.574
1084.343	1007.16	7.15	-0.588