25.627220468567813 20.627220468567813 15.627220468567812 3.6272204685678116
42.33402799553871 19.334027995538708 17.334027995538708 2.3340279955387095
65.5771340769868 21.577134076986802 22.577134076986802 4.577134076986802
88.38509910942892 20.38509910942892 24.38509910942892 3.385099109428921
114.57984656606115 19.579846566061143 26.579846566061143 2.5798465660611436
145.33131181709885 20.331311817098857 30.331311817098857 3.3313118170988574
177.04845855185368 19.048458551853685 32.048458551853685 2.0484585518536864
213.3325013522433 19.3325013522433 35.3325013522433 2.3325013522432974
254.79595641469862 21.795956414698626 40.79595641469862 4.795956414698625
294.1227605517904 19.122760551790417 41.12276055179042 2.122760551790418
341.1429307345046 21.142930734504624 46.142930734504624 4.142930734504624
386.8332858601159 18.833285860115886 46.833285860115886 1.8332858601158863
442.06858610161186 23.06858610161186 54.06858610161186 6.068586101611858
491.69234704726523 18.6923470472652 52.6923470472652 1.6923470472652022
550.527509805775 20.527509805775058 57.527509805775054 3.5275098057750562
609.7291394088174 19.72913940881749 59.72913940881749 2.7291394088174874
673.5462901182935 20.546290118293495 63.5462901182935 3.546290118293495
739.7473437526609 20.747343752660843 66.74734375266084 3.7473437526608415
805.0628112052142 17.062811205214203 66.0628112052142 0.06281120521420336
880.0859859294707 20.08598592947062 72.08598592947062 3.085985929470622
956.9970972516195 21.997097251619476 76.99709725161948 4.997097251619475
1033.4222979695649 20.422297969564905 78.42229796956491 3.422297969564904
1112.3075154307237 18.30751543072373 79.30751543072373 1.3075154307237287
1197.7310774427135 19.731077442713552 83.73107744271356 2.731077442713551
1284.2629805595948 19.26298055959473 86.26298055959472 2.2629805595947303
1374.6634076533935 19.663407653393524 89.66340765339352 2.6634076533935227
1467.2430276220005 19.243027622000348 92.24302762200034 2.243027622000347
1566.1282646285974 22.128264628597513 98.1282646285975 5.128264628597513
1663.0145430293933 20.01454302939334 99.01454302939334 3.014543029393342
1764.0591491585621 19.059149158562096 101.0591491585621 2.059149158562096
1870.4991596178386 20.499159617838696 105.4991596178387 3.499159617838698
1977.819232698449 19.81923269844912 107.81923269844911 2.8192326984491185
2088.8347304986446 19.83473049864475 110.83473049864475 2.8347304986447495
2203.882403701841 20.882403701841362 114.88240370184137 3.882403701841363
2320.1140789310202 20.11407893102044 117.11407893102044 3.114078931020441
2439.6391873895386 19.63918738953879 119.63918738953879 2.6391873895387894
2560.873380008198 17.873380008198026 120.87338000819803 0.8733800081980263
2688.1170749174184 19.11707491741832 125.11707491741832 2.117074917418323
2817.915269262044 19.915269262043974 128.91526926204398 2.9152692620439735
2950.8710047555264 20.87100475552627 132.87100475552626 3.8710047555262674
3085.969973703194 20.96997370319398 135.96997370319397 3.969973703193978
3224.4913539492677 21.49135394926768 139.49135394926768 4.491353949267678
3364.9252838243115 20.92528382431163 141.92528382431163 3.9252838243116313
3509.196100490315 21.19610049031519 145.1961004903152 4.19610049031519
3654.978365224721 19.97836522472087 146.97836522472087 2.9783652247208714
3804.7168027676526 19.716802767652563 149.71680276765255 2.7168027676525637
3957.529383420706 19.529383420706 152.529383420706 2.529383420706
4113.94763678269 19.947636782690367 155.94763678269035 2.9476367826903664
4272.457752973218 19.457752973217527 158.45775297321754 2.457752973217527
4433.660909199827 18.660909199827245 160.66090919982724 1.6609091998272452
4601.356606395858 21.356606395857433 166.35660639585743 4.3566063958574315
4767.409116784768 19.4091167847682 167.4091167847682 2.4091167847682025
4938.214627444278 19.214627444278555 170.21462744427856 2.214627444278555
5111.83151418409 18.831514184090416 172.83151418409042 1.8315141840904143
5288.988656593285 18.988656593284418 175.98865659328442 1.9886565932844171
5470.464990466685 20.464990466684522 180.46499046668453 3.464990466684523
5653.054231140754 20.054231140754627 183.05423114075464 3.0542311407546276
5839.35842028867 20.358420288669762 186.35842028866975 3.3584202886697616
6028.204110744271 20.20411074427113 189.20411074427113 3.204110744271131
6221.798324950006 21.798324950005473 193.79832495000548 4.7983249500054725
6413.862037362645 18.862037362645815 193.86203736264582 1.8620373626458155
6614.069681050321 21.0696810503217 199.0696810503217 4.069681050321702
6813.398494595472 19.39849459547177 200.39849459547176 2.3984945954717696
7018.692322010431 20.692322010430896 204.6923220104309 3.692322010430897
7225.441565077657 20.44156507765745 207.44156507765746 3.4415650776574527
7432.808542573899 17.80854257389867 207.80854257389868 0.8085425738986687
7647.705054184028 19.705054184028352 212.70505418402834 2.705054184028354
7863.586805432848 19.586805432848312 215.5868054328483 2.5868054328483105
8082.5372064107605 19.537206410760316 218.53720641076032 2.5372064107603145
8303.460902566452 18.4609025664521 220.4609025664521 1.4609025664520998
8530.040769441615 20.04076944161559 225.0407694416156 3.04076944161559
8759.309977557221 21.30997755722014 229.30997755722015 4.309977557220138
8990.24150925924 21.241509259239738 232.24150925923973 4.241509259239738
9223.479323763804 20.47932376380394 234.47932376380393 3.4793237638039387
9460.103885843057 20.103885843056784 237.1038858430568 3.103885843056783
9700.219115845866 20.219115845867133 240.21911584586712 3.219115845867133
9943.721344524385 20.721344524385152 243.72134452438516 3.7213445243851506
10190.269956511342 21.26995651134208 247.2699565113421 4.26995651134208
10437.472544420685 19.47254442068472 248.47254442068473 2.4725444206847187
10690.717390212752 20.7173902127527 252.7173902127527 3.7173902127527017
10946.39505248451 21.39505248450903 256.39505248450905 4.395052484509031
11202.015108464077 19.015108464076363 257.0151084640764 2.0151084640763637
11463.779644938628 19.779644938628156 260.77964493862817 2.779644938628156
11727.826584327437 19.82658432743584 263.82658432743585 2.826584327435837
11996.336854863544 21.33685486354366 268.33685486354364 4.3368548635436595
12264.709711206555 19.709711206554754 269.70971120655474 2.7097112065547555
12538.28108581979 20.28108581978972 273.2810858197897 3.281085819789719
12814.95509475924 20.9550947592398 276.9550947592398 3.955094759239798
13094.001642198004 21.001642198003804 280.0016421980038 4.001642198003804
13377.123002590168 22.123002590167232 284.12300259016723 5.123002590167232
13658.835008153026 18.83500815302678 283.83500815302676 1.8350081530267803
13948.276249192913 20.276249192913227 288.2762491929132 3.2762491929132276
14239.718765482554 20.718765482554176 291.71876548255415 3.718765482554174
14533.144010455204 20.14401045520407 294.14401045520407 3.14401045520407
14830.30859425606 20.30859425605956 297.30859425605956 3.30859425605956
15131.395161229528 21.39516122952726 301.3951612295273 4.395161229527259
15433.992955086153 20.9929550861519 303.9929550861519 3.992955086151899
15738.709108398114 19.709108398113308 305.7091083981133 2.7091083981133095
16049.005128872952 21.00512887295168 310.0051288729517 4.005128872951679
16360.417099120124 20.417099120124742 312.41709912012476 3.4170991201247416