1011.538	1003.124	-4.681	0.508
1011.069	1003.172	-4.678	0.5
1010.601	1003.22	-4.667	0.49
1010.134	1003.267	-4.646	0.479
1009.669	1003.312	-4.62	0.467
1009.207	1003.356	-4.59	0.454
1008.748	1003.399	-4.561	0.441
1008.291	1003.44	-4.535	0.428
1007.837	1003.48	-4.515	0.414
1007.386	1003.518	-4.502	0.402
1006.935	1003.555	-4.497	0.39
1006.485	1003.59	-4.501	0.378
1006.035	1003.625	-4.515	0.367
1005.583	1003.659	-4.539	0.357
1005.129	1003.691	-4.572	0.348
1004.671	1003.723	-4.615	0.34
1004.21	1003.754	-4.666	0.333
1003.743	1003.784	-4.725	0.326
1003.27	1003.815	-4.792	0.321
1002.791	1003.844	-4.865	0.316
1002.304	1003.874	-4.943	0.313
1001.81	1003.903	-5.025	0.31
1001.307	1003.932	-5.107	0.309
1000.796	1003.962	-5.189	0.308
1000.277	1003.991	-5.267	0.308
999.75	1004.021	-5.34	0.308
999.216	1004.051	-5.403	0.308
998.676	1004.081	-5.455	0.309
998.13	1004.111	-5.495	0.309
997.581	1004.142	-5.521	0.309
997.029	1004.172	-5.531	0.308
996.476	1004.203	-5.527	0.307
995.923	1004.233	-5.508	0.304
995.372	1004.263	-5.475	0.3
994.825	1004.292	-5.428	0.295
994.282	1004.321	-5.37	0.289
993.745	1004.349	-5.301	0.283
993.215	1004.377	-5.224	0.276
992.692	1004.404	-5.14	0.269
992.178	1004.43	-5.051	0.261
991.673	1004.455	-4.96	0.254
991.177	1004.48	-4.868	0.248
990.69	1004.505	-4.777	0.241
990.212	1004.529	-4.687	0.236
989.744	1004.552	-4.601	0.23
989.284	1004.575	-4.519	0.226
988.832	1004.597	-4.441	0.222
988.388	1004.62	-4.368	0.219
987.951	1004.642	-4.301	0.216
987.521	1004.664	-4.24	0.213
987.097	1004.685	-4.184	0.211
986.678	1004.707	-4.134	0.21
986.265	1004.728	-4.088	0.209
985.856	1004.749	-4.047	0.208
985.452	1004.771	-4.009	0.208
985.051	1004.792	-3.974	0.207
984.653	1004.813	-3.941	0.208
984.259	1004.835	-3.91	0.208
983.869	1004.856	-3.88	0.209
983.481	1004.878	-3.851	0.21
983.096	1004.9	-3.822	0.211
982.713	1004.922	-3.794	0.212
982.334	1004.944	-3.767	0.213
981.957	1004.966	-3.739	0.215
981.584	1004.989	-3.713	0.216
981.212	1005.011	-3.687	0.217
980.844	1005.034	-3.662	0.219
980.478	1005.057	-3.637	0.22
980.114	1005.08	-3.612	0.221
979.753	1005.102	-3.588	0.221
979.394	1005.125	-3.563	0.221
979.038	1005.148	-3.537	0.221
978.684	1005.17	-3.51	0.22
978.333	1005.192	-3.482	0.219
977.985	1005.214	-3.452	0.217
977.64	1005.236	-3.419	0.215
977.298	1005.257	-3.383	0.212
976.959	1005.278	-3.343	0.208
976.625	1005.298	-3.298	0.204
976.295	1005.317	-3.249	0.199
975.97	1005.337	-3.195	0.194
975.651	1005.355	-3.135	0.188
975.337	1005.373	-3.069	0.182
975.03	1005.39	-2.996	0.175
974.73	1005.407	-2.916	0.169
974.439	1005.422	-2.829	0.162
974.156	1005.438	-2.736	0.155
973.882	1005.452	-2.636	0.147
973.618	1005.466	-2.53	0.14
973.365	1005.48	-2.419	0.133
973.124	1005.493	-2.304	0.125
972.893	1005.505	-2.185	0.118
972.675	1005.516	-2.066	0.111
972.468	1005.527	-1.948	0.104
972.273	1005.538	-1.833	0.098
972.09	1005.547	-1.723	0.092
971.917	1005.556	-1.62	0.086
971.755	1005.565	-1.526	0.081
971.603	1005.573	-1.441	0.076
971.459	1005.58	-1.366	0.072
971.322	1005.587	-1.301	0.068
971.192	1005.593	-1.245	0.065
971.067	1005.599	-1.198	0.062
970.947	1005.605	-1.159	0.06
970.832	1005.611	-1.127	0.058
970.719	1005.616	-1.1	0.056
970.609	1005.621	-1.079	0.055
970.501	1005.627	-1.061	0.053
970.395	1005.632	-1.047	0.052
970.29	1005.636	-1.035	0.051
970.187	1005.641	-1.026	0.051
970.084	1005.646	-1.018	0.05
969.982	1005.651	-1.012	0.05
969.881	1005.655	-1.008	0.049
969.78	1005.66	-1.004	0.049
969.68	1005.664	-1.002	0.048
969.579	1005.669	-1	0.048
969.479	1005.673	-0.999	0.048
969.379	1005.678	-0.999	0.047
969.279	1005.682	-0.999	0.047
969.18	1005.687	-1	0.047
969.08	1005.691	-1	0.047
968.98	1005.695	-0.999	0.046
968.88	1005.699	-0.997	0.046
968.78	1005.703	-0.994	0.045
968.681	1005.708	-0.988	0.045
968.582	1005.712	-0.981	0.044
968.484	1005.715	-0.971	0.043
968.386	1005.719	-0.961	0.042
968.29	1005.723	-0.949	0.041
968.195	1005.726	-0.937	0.04
968.102	1005.729	-0.925	0.039
968.009	1005.733	-0.914	0.038
967.918	1005.736	-0.905	0.037
967.827	1005.739	-0.898	0.036
967.737	1005.741	-0.894	0.035
967.648	1005.744	-0.895	0.035
967.558	1005.746	-0.9	0.034
967.468	1005.749	-0.91	0.034
967.377	1005.751	-0.925	0.034
967.285	1005.754	-0.946	0.034
967.19	1005.756	-0.973	0.034
967.093	1005.758	-1.004	0.034
966.992	1005.76	-1.04	0.034
966.888	1005.763	-1.08	0.035
966.78	1005.765	-1.124	0.035
966.668	1005.767	-1.171	0.035
966.55	1005.769	-1.22	0.035
966.428	1005.772	-1.271	0.035
966.301	1005.774	-1.324	0.035
966.169	1005.776	-1.377	0.034
966.031	1005.777	-1.43	0.034
965.888	1005.779	-1.484	0.033
965.74	1005.781	-1.539	0.032
965.586	1005.782	-1.594	0.031
965.426	1005.784	-1.649	0.029
965.261	1005.785	-1.705	0.028
965.091	1005.786	-1.762	0.026
964.915	1005.787	-1.82	0.025
964.733	1005.788	-1.878	0.023
964.545	1005.789	-1.938	0.022
964.351	1005.789	-2	0.02
964.151	1005.79	-2.064	0.019
963.944	1005.791	-2.13	0.018
963.731	1005.792	-2.199	0.017
963.511	1005.792	-2.271	0.016
963.284	1005.793	-2.346	0.015
963.05	1005.794	-2.424	0.015
962.807	1005.795	-2.505	0.015
962.557	1005.796	-2.589	0.016
962.298	1005.798	-2.675	0.017
962.03	1005.799	-2.762	0.018
961.754	1005.801	-2.851	0.02
961.469	1005.804	-2.939	0.022
961.175	1005.806	-3.025	0.024
960.872	1005.809	-3.108	0.027
960.562	1005.813	-3.186	0.03
960.243	1005.816	-3.259	0.033
959.917	1005.82	-3.326	0.035
959.584	1005.824	-3.385	0.038
959.246	1005.829	-3.436	0.04
958.902	1005.833	-3.48	0.042
958.554	1005.837	-3.516	0.042
958.203	1005.841	-3.545	0.042
957.848	1005.845	-3.566	0.041
957.492	1005.849	-3.581	0.039
957.133	1005.852	-3.589	0.036
956.774	1005.854	-3.592	0.033
956.415	1005.855	-3.59	0.028
956.056	1005.856	-3.583	0.022
955.698	1005.856	-3.573	0.016
955.34	1005.855	-3.561	0.009
954.984	1005.854	-3.546	0.001
954.63	1005.851	-3.529	-0.006
954.277	1005.848	-3.513	-0.014
953.925	1005.843	-3.496	-0.023
953.576	1005.838	-3.48	-0.031
953.228	1005.831	-3.466	-0.04
952.881	1005.824	-3.454	-0.048
952.536	1005.816	-3.446	-0.057
952.191	1005.807	-3.44	-0.066
951.847	1005.798	-3.439	-0.074
951.504	1005.787	-3.442	-0.083
951.159	1005.776	-3.449	-0.091
950.815	1005.764	-3.46	-0.1
950.469	1005.751	-3.475	-0.108
950.121	1005.737	-3.492	-0.117
949.772	1005.723	-3.513	-0.125
949.421	1005.708	-3.535	-0.133
949.068	1005.692	-3.56	-0.141
948.712	1005.675	-3.586	-0.149
948.353	1005.658	-3.615	-0.156
947.992	1005.641	-3.645	-0.163
947.627	1005.622	-3.678	-0.17
947.26	1005.604	-3.712	-0.177
946.889	1005.585	-3.75	-0.183
946.514	1005.565	-3.789	-0.188
946.135	1005.545	-3.832	-0.193
945.752	1005.525	-3.878	-0.198
945.364	1005.505	-3.927	-0.201
944.971	1005.485	-3.979	-0.204
944.573	1005.465	-4.035	-0.206
944.17	1005.445	-4.094	-0.207
943.76	1005.425	-4.157	-0.207
943.344	1005.405	-4.223	-0.206
942.922	1005.386	-4.292	-0.204
942.493	1005.368	-4.366	-0.2
942.056	1005.35	-4.443	-0.195
941.611	1005.333	-4.525	-0.189
941.159	1005.317	-4.612	-0.182
940.697	1005.301	-4.703	-0.173
940.227	1005.287	-4.798	-0.164
939.747	1005.274	-4.897	-0.153
939.257	1005.262	-5.001	-0.142
938.757	1005.251	-5.107	-0.13
938.246	1005.242	-5.217	-0.118
937.724	1005.233	-5.329	-0.106
937.191	1005.226	-5.443	-0.093
936.647	1005.22	-5.559	-0.081
936.091	1005.216	-5.676	-0.068
935.524	1005.212	-5.794	-0.054
934.944	1005.21	-5.913	-0.04
934.353	1005.21	-6.032	-0.026
933.75	1005.211	-6.149	-0.01
933.135	1005.213	-6.266	0.008
932.508	1005.218	-6.381	0.027
931.87	1005.225	-6.494	0.049
931.221	1005.234	-6.603	0.073
930.56	1005.246	-6.709	0.1
929.89	1005.261	-6.81	0.129
929.209	1005.279	-6.907	0.161
928.518	1005.301	-6.998	0.195
927.818	1005.326	-7.085	0.231
927.11	1005.355	-7.167	0.268
926.394	1005.388	-7.245	0.305
925.67	1005.424	-7.321	0.342
924.938	1005.464	-7.396	0.378
924.198	1005.507	-7.47	0.413
923.452	1005.553	-7.545	0.447
922.697	1005.602	-7.622	0.479
921.935	1005.654	-7.7	0.509
921.166	1005.709	-7.779	0.537
920.388	1005.766	-7.859	0.562
919.602	1005.825	-7.939	0.586
918.809	1005.886	-8.018	0.609
918.007	1005.95	-8.095	0.629
917.198	1006.015	-8.167	0.648
916.381	1006.082	-8.234	0.666
915.558	1006.15	-8.295	0.682
914.728	1006.22	-8.35	0.697
913.894	1006.291	-8.399	0.711
913.054	1006.363	-8.441	0.723
912.21	1006.436	-8.479	0.733
911.362	1006.511	-8.513	0.742
910.511	1006.585	-8.545	0.748
909.656	1006.66	-8.576	0.753
908.799	1006.736	-8.605	0.756
907.938	1006.811	-8.635	0.757
907.074	1006.886	-8.665	0.756
906.208	1006.961	-8.696	0.755
905.338	1007.036	-8.726	0.752
904.466	1007.111	-8.756	0.749
903.59	1007.185	-8.785	0.745
902.711	1007.258	-8.812	0.742
901.83	1007.332	-8.837	0.739
900.946	1007.405	-8.858	0.736
900.061	1007.478	-8.876	0.734
899.173	1007.551	-8.891	0.733
898.284	1007.624	-8.902	0.732
897.394	1007.697	-8.909	0.731
896.503	1007.771	-8.914	0.731
895.611	1007.844	-8.917	0.731
894.72	1007.917	-8.918	0.731
893.828	1007.99	-8.918	0.731