62.9718 -7.3593 12.189 0
64.1577 -7.2984 12.189 0
65.344 -7.2374 12.195 0.079248
66.5302 -7.1763 12.1981 0
67.7161 -7.1153 12.1615 -0.55169
68.9114 -7.0522 12.0975 -0.87173
70.082 -6.9984 12.0701 -0.051816
71.2283 -6.9398 12.1615 1.7922
72.4107 -6.8388 12.4176 3.4138
73.6268 -6.7244 12.7803 3.4138
74.8901 -6.6 13.1094 2.8865
76.1958 -6.447 13.3228 1.3807
77.4961 -6.291 13.4142 0.25908
78.7962 -6.1348 13.4325 0.009144
80.0962 -5.9786 13.4295 -0.027432
81.3963 -5.8224 13.3929 -0.58217
82.7024 -5.6629 13.2862 -1.524
83.9886 -5.5201 13.0942 -2.3927
85.2479 -5.394 12.7163 -3.4138
86.4795 -5.2848 12.1615 -3.4138
87.6866 -5.1952 11.7439 -3.4138
88.8726 -5.1315 11.6159 1.015
90.0578 -5.0727 11.7683 3.4138
91.2439 -5.0115 12.0548 2.0848
92.4301 -4.9503 12.1829 0.009144
93.616 -4.8894 12.1829 0
94.8021 -4.8282 12.1829 0
95.9883 -4.767 12.1829 0
97.1744 -4.7059 12.1829 -0.033528
98.3603 -4.6449 12.189 0.14326
99.5465 -4.5837 12.2316 0.63094
100.7294 -4.5265 12.3231 1.2101
101.9362 -4.4432 12.4419 1.3076
103.1509 -4.3498 12.5273 0.55778
104.3855 -4.2344 12.5669 0.09144
105.6006 -4.1332 12.6279 0.78029
106.8058 -4.0508 12.7589 1.9233
108.0617 -3.9696 12.957 2.3896
109.3415 -3.8827 13.1674 1.8166
110.6281 -3.7631 13.332 1.335
111.9275 -3.6123 13.4752 1.4691
113.2312 -3.477 13.6154 1.4112
114.5681 -3.368 13.719 0.82296
115.9158 -3.2617 13.7648 0.033528
117.2496 -3.1347 13.7556 -0.35662
118.5786 -2.9966 13.7282 -0.21336