45.622 5.6246 3.8527 2.414
46.0229 5.6472 4.0996 2.1245
46.4107 5.6653 4.38 3.2126
46.8367 5.7062 4.7701 3.4138
47.3209 5.7455 5.2487 3.4138
47.8662 5.7901 5.7028 3.4138
48.4477 5.855 6.0259 2.4018
49.0589 5.9473 6.1966 0.92659
49.6637 6.0379 6.2575 0.12192
50.2685 6.1285 6.2697 0.018288
50.8735 6.2189 6.2667 -0.01524
51.4783 6.3095 6.221 -0.72847
52.0915 6.4021 6.0747 -2.0574
52.6804 6.4763 5.8095 -3.3955
53.2297 6.5437 5.4498 -3.4138
53.7349 6.6063 5.0871 -3.4138
54.2025 6.6583 4.8067 -2.2464
54.6451 6.6857 4.6421 -0.97841
55.0889 6.7067 4.5781 -0.18898
55.5337 6.7296 4.5659 0.036576
55.9783 6.7527 4.569 0.01524
56.4231 6.7755 4.572 0
56.8679 6.7984 4.572 0
57.3127 6.8213 4.572 0
57.7575 6.8442 4.572 0
58.2023 6.8671 4.572 0
58.6471 6.89 4.572 0
59.0919 6.9129 4.572 0
59.5367 6.9357 4.572 0
59.9815 6.9586 4.569 0
60.4263 6.9815 4.569 0
60.8709 7.0046 4.572 0.006096
61.3157 7.0275 4.572 0
61.7605 7.0504 4.572 0
62.2053 7.0733 4.572 0
62.6501 7.0961 4.572 0
63.0949 7.119 4.572 0
63.5397 7.1419 4.572 0
63.9845 7.1648 4.572 0
64.4293 7.1877 4.572 0
64.8741 7.2106 4.572 0
65.3189 7.2335 4.572 -0.006096
65.7635 7.2565 4.569 0
66.2083 7.2794 4.572 0
66.6531 7.3023 4.5659 -0.073152
67.0979 7.3252 4.5629 -0.033528
67.5427 7.3481 4.5994 0.6035
67.9789 7.3705 4.7305 1.8959
68.4353 7.4061 4.9835 3.2766
68.9317 7.438 5.331 3.4138
69.4729 7.4596 5.6815 3.2888
70.0544 7.4776 5.9345 1.905
70.6563 7.5087 6.0686 0.60655
71.2494 7.5391 6.1051 -0.036576
71.8425 7.5695 6.096 -0.1585
72.4355 7.6002 6.0869 -0.039624
73.0286 7.6306 6.1204 0.59741
73.6128 7.6607 6.2514 1.8959
74.2171 7.7038 6.5075 3.2857
74.8619 7.7434 6.855 3.4138
75.5515 7.7725 7.2055 3.2888
76.2814 7.7982 7.4615 1.902
77.0316 7.8368 7.5926 0.59741
77.7729 7.8751 7.6261 -0.04572
78.5143 7.9134 7.623 -0.079248
79.2554 7.9514 7.617 0
79.9967 7.9897 7.617 0
80.7383 8.0278 7.617 0