38.161 -4.9042 10.665 -0.11278
39.1996 -4.8488 10.6589 -0.051816
40.2351 -4.7998 10.671 0.21946
41.2676 -4.7566 10.7076 0.58217
42.3133 -4.6959 10.7107 -0.2347
43.3641 -4.6215 10.5491 -2.6121
44.423 -4.5297 10.3053 -3.045
45.4908 -4.4255 10.2017 -0.042672
46.5559 -4.3262 10.3266 3.301
47.6213 -4.2267 10.6253 3.4138
48.6865 -4.1274 10.8905 1.3472
49.7517 -4.0277 10.9667 -0.14935
50.8175 -3.9277 10.9789 0.23774
51.875 -3.8266 11.0642 1.3472
52.9371 -3.7305 11.2654 2.7005
54.0435 -3.645 11.558 3.3985
55.1842 -3.575 11.8598 2.8255
56.3665 -3.5184 12.0731 1.5331
57.5602 -3.4591 12.1768 0.40538
58.7464 -3.3979 12.2011 -0.09144
59.9325 -3.3367 12.192 -0.067056
61.1184 -3.2758 12.189 0
62.3046 -3.2146 12.189 0
63.4909 -3.1537 12.189 -0.006096
64.6769 -3.0927 12.1829 -0.082296
65.863 -3.0315 12.1798 -0.024384
67.0491 -2.9704 12.2103 0.47854
68.2265 -2.9099 12.3017 1.3137
69.4252 -2.8435 12.4663 2.1184
70.6479 -2.7803 12.698 2.5329
71.8931 -2.7156 12.951 2.5878
73.1684 -2.6505 13.207 2.5207
74.4663 -2.5838 13.4356 2.1153
75.7879 -2.5202 13.6002 1.3106
77.1309 -2.4511 13.6916 0.47244
78.4653 -2.3824 13.7221 -0.03048
79.7995 -2.3136 13.716 -0.0762
81.1339 -2.2449 13.713 0
82.4683 -2.1762 13.713 0
83.8027 -2.1076 13.6794 -0.52121
85.1369 -2.0387 13.5362 -2.0909
86.4713 -1.9701 13.3167 -2.6396
87.8057 -1.9014 13.1978 -0.57912
89.1401 -1.8328 13.2801 2.4323
90.4657 -1.7644 13.5606 3.4138
91.8127 -1.6905 13.9172 3.2126
93.1836 -1.6198 14.1884 2.1001
94.5806 -1.5525 14.3591 1.4143
95.9964 -1.4795 14.4567 0.50292
97.4063 -1.4068 14.4567 -0.50597
98.8221 -1.3338 14.3591 -1.4173
100.2191 -1.2665 14.1854 -2.1306
101.59 -1.1959 13.9934 -1.9477
102.9371 -1.122 13.8806 -0.55778
104.2594 -1.0575 13.9172 1.3015
105.6148 -0.9604 14.1122 2.8072
106.9922 -0.8437 14.3896 2.9901
108.4097 -0.7289 14.6152 1.7526
109.8594 -0.5877 14.7127 0.21031
111.2904 -0.4308 14.734 -0.23165
112.6999 -0.2804 14.7706 0.77724
114.1227 -0.1326 14.8864 1.7861
115.5822 -0.003 15.048 1.6551
117.0598 0.1267 15.1729 0.82906
118.5365 0.2798 15.2278 0.19812