10.7912 -6.0887 8.4795 2.8194
11.7522 -6.0293 8.7539 3.4138
12.6801 -5.9852 9.1166 1.396
13.5723 -5.9398 9.1379 -2.1488
14.4437 -5.9039 9.0007 -0.68275
15.3003 -5.902 8.9886 0.54254
16.1799 -5.9189 9.0465 0.87173
17.078 -5.9353 9.1105 0.4511
17.9689 -5.9498 9.1318 -0.09144
18.8614 -5.9677 9.1074 -0.39624
19.7519 -5.9822 9.0526 -0.66446
20.6334 -5.9785 8.9825 -0.81991
21.5026 -5.9511 8.9154 -0.6157
22.3628 -5.9054 8.8697 -0.28042
23.2212 -5.856 8.8331 -0.2987
24.0862 -5.8169 8.7813 -0.70409
24.9418 -5.7644 8.7051 -0.92964
25.7769 -5.6835 8.6441 -0.4572
26.6041 -5.5918 8.6472 0.51206
27.4394 -5.5106 8.7142 0.99365
28.2948 -5.4583 8.766 0.28346
29.167 -5.419 8.7173 -1.1979
30.0199 -5.3816 8.5557 -2.2433
30.8372 -5.3364 8.3515 -2.1031
31.6287 -5.2894 8.193 -1.1186
32.4147 -5.2491 8.1199 -0.24384
33.1991 -5.2088 8.1107 0.1585
33.9939 -5.1677 8.1473 0.51816
34.7801 -5.1271 8.2113 0.78943
35.5799 -5.0859 8.2875 0.87173
36.4024 -5.0436 8.382 0.92659
37.2107 -5.0021 8.4734 0.88087
38.0417 -4.9593 8.5466 0.73152
38.8865 -4.9158 8.6076 0.43891
39.7226 -4.8728 8.6624 0.50597
40.5623 -4.8294 8.7539 1.2283
41.4111 -4.7812 8.891 1.6855
42.2878 -4.7405 9.0251 1.2101
43.186 -4.6942 8.955 -2.0452
44.0766 -4.6465 8.6685 -3.4138
44.955 -4.6057 8.5618 -0.11887
45.8588 -4.5492 8.8483 3.4138
46.8089 -4.4853 9.5067 3.4138
47.8084 -4.42 10.2779 3.4138
48.8505 -4.3467 10.7412 2.4445
49.9229 -4.2461 10.9179 0.96622
50.9881 -4.1468 10.9789 0.094488
52.0535 -4.0473 10.988 0.012192
53.1185 -3.9478 10.988 0
54.1836 -3.8485 10.9454 -0.64313
55.2582 -3.7478 10.8356 -1.5636
56.306 -3.6575 10.665 -2.0665
57.3245 -3.5624 10.5004 -1.4387
58.3273 -3.4754 10.4333 0.018288
59.325 -3.4142 10.476 1.0607
60.3536 -3.3621 10.5705 1.0851
61.3993 -3.3101 10.6467 0.44501
62.4372 -3.2568 10.671 -0.12192
63.4749 -3.2033 10.6619 -0.10058
64.5129 -3.1499 10.6924 0.6035
65.542 -3.0969 10.8234 1.8928
66.5912 -3.0311 11.0795 3.2766
67.6807 -2.9684 11.427 3.4138
68.815 -2.9164 11.7775 3.2918
69.9896 -2.8676 12.0305 1.902
71.1845 -2.8062 12.1615 0.59741
72.3707 -2.745 12.1981 -0.036576
73.5568 -2.6842 12.195 -0.0762