28.9424 -8.7172 9.3878 1.1735
29.8533 -8.6601 9.528 1.9995
30.8059 -8.6343 9.6987 1.5301
31.7577 -8.596 9.8298 0.93269
32.7212 -8.554 9.9304 0.95402
33.6853 -8.5077 10.0554 1.4996
34.6669 -8.4546 10.223 1.9385
35.6674 -8.4004 10.3815 1.4661
36.701 -8.3517 10.4455 -0.009144
37.735 -8.303 10.3662 -1.6673
38.7362 -8.2515 10.162 -2.6274
39.7151 -8.2016 9.9304 -2.2372
40.6595 -8.1478 9.7871 -0.81077
41.5852 -8.1 9.7871 0.89611
42.5401 -8.0471 9.903 1.713
43.5125 -8.0008 9.8146 -2.3988
44.5141 -7.9493 9.3848 -3.4138
45.4936 -7.8988 9.0769 -2.7127
46.4376 -7.845 9.1958 3.4138
47.4304 -7.7807 9.778 3.4138
48.4691 -7.7344 10.5339 3.4138
49.5465 -7.6902 10.924 1.0394
50.6293 -7.6342 11.0002 0.17983
51.6839 -7.58 11.0338 0.2987
52.7581 -7.5245 11.0764 0.762
53.8461 -7.4686 11.1679 1.0333
54.9286 -7.4128 11.2959 1.3868
56.0318 -7.3524 11.4391 1.6185
57.1524 -7.2982 11.5428 0.762
58.3025 -7.239 11.5641 -0.40843
59.4303 -7.181 11.5428 -0.43282
60.5261 -7.1246 11.5672 0.79553
61.6496 -7.0621 11.7013 2.094
62.7992 -7.0029 11.9055 2.1763
63.9725 -6.9472 12.0762 1.3411
65.1672 -6.8856 12.1676 0.48158
66.3533 -6.8244 12.1981 -0.021336
67.5395 -6.7632 12.195 -0.082296
68.7258 -6.7023 12.189 -0.006096
69.9118 -6.6413 12.189 0
71.0979 -6.5801 12.189 0
72.284 -6.519 12.1829 -0.0762
73.47 -6.458 12.1798 -0.036576
74.6561 -6.3969 12.2164 0.60046
75.8336 -6.3362 12.3474 1.8959
77.0309 -6.2627 12.6035 3.2857
78.2687 -6.1925 12.951 3.4138
79.5515 -6.1328 13.2984 3.2827
80.8743 -6.0765 13.5545 1.8928
82.2173 -6.0074 13.6855 0.60655
83.5517 -5.9387 13.7221 -0.027432
84.8861 -5.8701 13.5849 -2.2189
86.2207 -5.8012 13.271 -3.4138
87.5549 -5.7323 13.0515 -1.9446
88.8893 -5.6637 13.0485 1.902
90.2237 -5.595 13.2679 3.4138
91.5579 -5.5262 13.5697 2.0604
92.8923 -5.4575 13.6977 -0.03048
94.2267 -5.3888 13.7312 0.5395
95.5523 -5.3205 13.8349 1.4966
96.8996 -5.2468 14.0147 2.2494
98.2776 -5.1771 14.2372 2.347
99.6768 -5.0898 14.4475 1.844
101.0926 -4.9868 14.5938 1.14
102.5243 -4.8665 14.6883 0.6858
103.9499 -4.7401 14.7737 0.8443
105.3797 -4.6127 14.8803 1.2863
106.8279 -4.4891 14.987 1.1125