-13.9675 0.3732 9.144 0
-13.077 0.3587 9.144 0
-12.1863 0.3444 9.1044 -0.63398
-11.2958 0.3299 9.0129 -1.1887
-10.4049 0.3155 8.9459 -0.57607
-9.5144 0.301 8.9459 0.56388
-8.6239 0.2865 9.0099 1.1826
-7.733 0.272 9.1013 0.63094
-6.8425 0.2575 9.141 0
-5.9518 0.2432 9.144 0.048768
-5.0614 0.2288 9.1501 0.094488
-4.1706 0.2055 9.1531 0.027432
-3.2751 0.2046 9.1531 -0.067056
-2.3839 0.2269 9.147 -0.10668
-1.4971 0.2744 9.1379 -0.057912
-0.6051 0.3501 9.1379 0.067056
0.2818 0.3977 9.147 0.10668
1.1732 0.4198 9.1531 0.057912
2.0687 0.4189 9.1531 -0.033528
2.9592 0.3958 9.1501 -0.09144
3.85 0.3811 9.144 -0.039624
4.7404 0.3666 9.141 0.012192
5.6311 0.3523 9.144 0.018288
6.5216 0.3379 9.141 -0.048768
7.4135 0.3253 9.0922 -0.74981
8.3039 0.3072 8.9032 -2.7127
9.1888 0.2829 8.6197 -3.3894
10.0675 0.2645 8.4491 -1.015
10.9421 0.2612 8.4826 2.0635
11.8174 0.2748 8.6868 2.9992
12.694 0.2941 8.9093 1.335
13.5702 0.3096 8.9916 0
14.4463 0.3249 8.9946 0.057912
15.3226 0.3405 9.0007 0.042672
16.1989 0.356 8.9764 -0.38405
17.0819 0.3713 8.9032 -1.0577
17.95 0.3876 8.7996 -1.2436
18.7922 0.4058 8.7386 -0.20726
19.6273 0.4143 8.824 1.7892
20.4782 0.4149 9.08 3.4138
21.3789 0.4182 9.4549 3.4138
22.3261 0.4286 9.8664 3.4138
23.3092 0.4539 10.2291 3.2126
24.3264 0.4899 10.4546 1.5636
25.3779 0.5402 10.5156 -0.3871
26.4065 0.6066 10.4424 -1.4295
27.404 0.7132 10.348 -0.78334
28.3891 0.8347 10.3419 0.70714
29.3864 0.9411 10.4394 1.4996
30.4148 1.0077 10.5644 1.1887
31.4594 1.0538 10.6467 0.42977
32.4968 1.1083 10.6741 -0.027432
33.5347 1.1616 10.671 -0.051816
34.5726 1.2148 10.668 0
35.6104 1.2685 10.668 0
36.6481 1.322 10.6619 -0.079248
37.6862 1.3755 10.6589 -0.039624
38.7238 1.4289 10.6954 0.59436
39.7529 1.4819 10.8265 1.8959
40.8021 1.5477 11.0795 3.2949
41.8918 1.6102 11.3568 2.7493
43.0262 1.6621 11.5397 1.1064
44.2009 1.7108 11.6738 0.8382
45.3957 1.7724 11.8049 1.6276
46.5818 1.8336 11.9604 2.1366
47.7679 1.8948 12.1219 1.0851
48.9539 1.9557 12.189 0
50.14 2.0169 12.189 0