23.5115 -5.9935 9.3543 1.1582
24.4267 -5.9726 9.461 0.99365
25.3543 -5.9344 9.5098 0.20117
26.2968 -5.8983 9.4732 -0.92964
27.2206 -5.8451 9.3665 -1.4691
28.1141 -5.7517 9.272 -0.70104
28.995 -5.642 9.272 0.74371
29.8885 -5.5482 9.3635 1.3716
30.815 -5.4955 9.4518 0.64922
31.7548 -5.4626 9.4549 -0.62179
32.6739 -5.4189 9.3696 -1.3106
33.5766 -5.3739 9.2568 -1.079
34.466 -5.3284 9.1714 -0.57912
35.3531 -5.2823 9.1349 -0.13411
36.2427 -5.2365 9.1653 0.64618
37.1234 -5.191 9.2994 1.8928
38.0244 -5.1327 9.525 2.8377
38.9667 -5.085 9.7597 2.2068
39.9491 -5.0453 9.8572 0
40.9316 -5.006 9.7536 -2.283
41.8738 -4.9583 9.5189 -2.8651
42.7748 -4.9 9.272 -2.1854
43.647 -4.855 9.0129 -2.5237
44.5492 -4.804 8.8087 -1.8471
45.4753 -4.7562 8.8605 1.7343
46.4238 -4.7067 9.2019 3.4138
47.4028 -4.6568 9.7475 3.4138
48.4042 -4.6055 10.2779 3.4138
49.4292 -4.5573 10.5522 1.3045
50.4759 -4.5033 10.6436 0.47244
51.5135 -4.4499 10.6741 -0.024384
52.5512 -4.3964 10.671 -0.073152
53.5893 -4.3429 10.671 0.079248
54.6269 -4.2895 10.6741 0.03048
55.6648 -4.2362 10.6436 -0.49682
56.7115 -4.1822 10.5461 -1.4204
57.7367 -4.1338 10.4089 -1.5911
58.7345 -4.0759 10.3571 0.085344
59.7066 -4.0269 10.5095 2.923
60.729 -3.9563 10.8936 3.4138
61.8104 -3.8844 11.4117 3.4138
62.9574 -3.8081 11.9024 3.4138
64.1454 -3.7137 12.253 2.6121
65.3646 -3.5908 12.4389 1.0028
66.5774 -3.4691 12.5029 0.12802
67.7901 -3.347 12.5151 0.024384
69.0027 -3.2251 12.512 -0.027432
70.2156 -3.1032 12.4694 -0.6858
71.4373 -2.9793 12.3566 -1.5697
72.6305 -2.8686 12.189 -2.0086
73.7963 -2.7562 12.0274 -1.3807
74.9496 -2.6545 11.9634 0.012192
76.0958 -2.5855 12 0.92964
77.2725 -2.5266 12.0884 1.0302
78.4665 -2.467 12.195 0.95402
79.644 -2.4064 12.317 1.3289
80.8428 -2.3404 12.4541 1.6398
82.0696 -2.2815 12.5639 0.79858
83.3144 -2.2176 12.5578 -0.87782
84.5412 -2.1587 12.3383 -3.3833
85.7402 -2.0925 11.9908 -3.4138
86.9087 -2.0323 11.8201 -0.6157
88.1077 -1.9661 11.9664 3.4138
89.3303 -1.9029 12.381 3.4138
90.583 -1.8394 12.8687 3.4138
91.8639 -1.7592 13.21 2.286
93.1526 -1.655 13.4539 2.475
94.4625 -1.5422 13.6764 2.2128