3.1559 3.7072 1.524 0
3.3045 3.7046 1.524 0
3.4529 3.7022 1.524 0
3.6013 3.6999 1.524 0
3.7496 3.6975 1.524 0
3.898 3.6951 1.524 0
4.0466 3.6925 1.524 0
4.195 3.6901 1.524 0
4.3434 3.6877 1.524 0
4.4919 3.6856 1.5179 -0.073152
4.6403 3.6832 1.5149 -0.057912
4.7889 3.6806 1.5484 0.56998
4.9285 3.6784 1.6764 1.8867
5.0868 3.687 1.9324 3.3132
5.2886 3.6882 2.286 3.4138
5.5321 3.6797 2.6365 3.3101
5.819 3.6639 2.8926 1.8898
6.1245 3.659 3.0236 0.58217
6.4215 3.654 3.0571 -0.042672
6.7185 3.6495 3.048 -0.16764
7.0155 3.6445 3.0358 -0.082296
7.3134 3.6415 3.0724 0.64008
7.5985 3.6325 3.2248 2.1885
7.9076 3.6374 3.5174 3.4138
8.2648 3.6472 3.9289 3.4138
8.674 3.6542 4.3068 3.3284
9.1269 3.6658 4.5293 1.2649
9.6107 3.7034 4.6391 0.381
10.0864 3.7401 4.7031 0.66142
10.5623 3.777 4.7701 1.1217
11.0379 3.8137 4.8555 0.57302
11.5138 3.8506 4.8829 -0.1524
11.99 3.8879 4.892 0.21641
12.4583 3.9271 4.9774 1.2893
12.9303 3.9603 5.1694 2.6518
13.4454 3.9783 5.462 3.3772
13.994 3.9817 5.7607 2.8133
14.5855 3.9691 5.971 1.5118
15.1866 3.9573 6.0747 0.381
15.7805 3.9478 6.096 -0.10058
16.3743 3.9381 6.0869 -0.067056
16.968 3.9284 6.0838 0
17.5617 3.9191 6.0838 0
18.1555 3.9093 6.0777 -0.082296
18.7492 3.8996 6.0777 0.048768
19.3429 3.8899 6.1387 0.95707
19.9274 3.8799 6.3246 2.5969
20.5427 3.8935 6.6568 3.4138
21.2085 3.9081 7.1018 3.4138
21.9266 3.9238 7.5499 3.4138
22.6955 3.9403 7.8852 2.6548
23.495 3.9807 8.0742 1.0089
24.2852 4.0203 8.1138 -0.30785
25.0826 4.0516 8.0406 -1.1582
25.8661 4.0996 7.9218 -1.3929
26.6198 4.1849 7.8303 -0.66446
27.3621 4.2842 7.8334 0.69799
28.116 4.3693 7.9278 1.4356
28.8994 4.4177 8.0345 0.96317
29.6996 4.4489 8.0711 -0.21641
30.4898 4.4885 8.0071 -1.2253
31.2656 4.5279 7.876 -1.521
32.0216 4.5666 7.745 -1.1735
32.7627 4.6047 7.6596 -0.57302
33.5011 4.6429 7.62 -0.10668
34.2425 4.6812 7.6139 0.048768
34.9838 4.719 7.623 0.10058
35.7252 4.7573 7.6291 0.027432