17.1252 -2.4365 11.6952 -1.1796
18.2791 -2.3675 11.4818 -2.9748
19.3972 -2.3247 11.1343 -3.4138
20.4539 -2.2769 10.7655 -3.4138
21.464 -2.2151 10.5735 -0.60046
22.4518 -2.1784 10.665 2.5938
23.4961 -2.1482 10.9606 3.4138
24.5941 -2.1298 11.2532 2.4354
25.7322 -2.0956 11.3782 0
26.8477 -2.0411 11.3355 -1.2497
27.9334 -1.946 11.2532 -0.6858
29.0081 -1.8357 11.2319 0.40843
30.0988 -1.7408 11.2563 0.37795
31.2109 -1.69 11.2227 -0.86258
32.314 -1.6527 11.0886 -2.0452
33.3806 -1.5983 10.8996 -2.0422
34.4189 -1.5438 10.7381 -1.1735
35.4517 -1.4898 10.6619 -0.25603
36.4896 -1.4366 10.6802 0.58522
37.5187 -1.3836 10.7777 1.3411
38.5692 -1.3251 10.9149 1.6032
39.6479 -1.2739 11.0551 1.271
40.7356 -1.2178 11.177 0.99974
41.8182 -1.162 11.2989 1.3533
42.9216 -1.1014 11.3325 -0.12802
44.0422 -1.0476 11.1923 -2.4354
45.1923 -0.9884 11.0368 -1.9568
46.3199 -0.9302 10.9819 0.57607
47.4247 -0.8733 11.0886 2.7249
48.5351 -0.816 11.3355 2.1976
49.6399 -0.7592 11.5092 0.94488
50.7673 -0.7011 11.5885 0.80772
51.9087 -0.6425 11.6525 0.44501
53.0414 -0.584 11.7104 0.51206
54.1774 -0.5255 11.7988 1.2314
55.3229 -0.4621 11.939 1.6703
56.4964 -0.4062 12.0762 1.2863
57.6912 -0.3445 12.1676 0.50292
58.8771 -0.2836 12.1981 -0.024384
60.0632 -0.2224 12.192 -0.073152
61.2494 -0.1612 12.189 0
62.4353 -0.1003 12.189 0
63.6214 -0.0391 12.189 0
64.8076 0.0221 12.189 0
65.9935 0.083 12.195 0.088392
67.1796 0.1442 12.1981 0.012192
68.366 0.2051 12.1646 -0.5395
69.5613 0.2683 12.1036 -0.80467
70.7309 0.3218 12.0884 0.13106
71.8794 0.3828 12.2042 2.1001
73.0667 0.4848 12.4938 3.4138
74.2925 0.5991 12.89 3.4138
75.5693 0.7226 13.2436 3.0785
76.8901 0.8757 13.4691 1.4539
78.2051 1.0326 13.5697 0.26822
79.52 1.1895 13.588 0.009144
80.835 1.3464 13.5819 -0.042672
82.15 1.5033 13.5484 -0.5334
83.4716 1.6637 13.4661 -1.1491
84.7694 1.8123 13.2679 -2.6304
86.053 1.9457 12.9723 -3.3894
87.3261 2.058 12.7772 -1.4234
88.5858 2.1438 12.7986 1.7587
89.8567 2.2081 13.0058 3.4138
91.1606 2.2711 13.2558 1.8258
92.4783 2.3392 13.3198 -0.80772
93.7805 2.4014 13.207 -1.716
95.0523 2.4714 13.0607 -1.4508