97.0659 -1.0944 10.8326 -0.033528
98.1112 -0.9281 10.8631 0.51206
99.1492 -0.7646 10.9728 1.5911
100.2092 -0.636 11.1953 2.8743
101.3044 -0.5377 11.5092 3.4138
102.4369 -0.453 11.8323 3.1333
103.6224 -0.3977 12.0701 1.7374
104.8163 -0.3382 12.1554 -0.064008
106.0113 -0.2768 12.0823 -1.4691
107.1845 -0.2206 11.9085 -2.1732
108.334 -0.1617 11.7013 -2.094
109.4572 -0.099 11.5367 -1.3289
110.562 -0.0421 11.4422 -0.47244
111.6725 0.0148 11.4087 -0.051816
112.786 0.0724 11.4117 0.082296
113.8962 0.1294 11.4452 0.4633
115.0012 0.1865 11.5062 0.81991
116.1286 0.2445 11.5824 0.8443
117.2701 0.3032 11.6799 0.96622
118.3974 0.3598 11.8415 2.0056