96.4644 9.079 6.093 0
97.0575 9.1094 6.093 0
97.6506 9.1402 6.093 0
98.2436 9.1706 6.093 0
98.8367 9.2009 6.093 0
99.4298 9.2317 6.0869 -0.0762
100.0229 9.2621 6.0838 -0.033528
100.6159 9.2929 6.1204 0.60655
101.2002 9.323 6.2514 1.8989
101.8046 9.3659 6.5044 3.2766
102.4495 9.4055 6.8519 3.4138
103.139 9.4346 7.2024 3.2796
103.869 9.4603 7.4554 1.8959
104.6189 9.4991 7.5834 0.56998
105.3605 9.5372 7.617 -0.11582
106.1008 9.5748 7.6078 -0.11582
106.8398 9.6111 7.5987 -0.021336
107.5779 9.6472 7.5682 -0.43586
108.3239 9.6762 7.4828 -1.2162
109.0544 9.7185 7.3548 -1.5636
109.7508 9.7883 7.2512 -0.75286
110.4343 9.8682 7.2512 0.74676
111.1307 9.9381 7.3548 1.5697
111.8611 9.9781 7.4859 1.2497
112.6073 10.0073 7.5712 0.41758
113.3454 10.0551 7.6017 0.036576
114.0836 10.1196 7.6444 0.64618
114.8136 10.1957 7.7785 1.9446
115.5642 10.2877 8.0345 3.2644
116.3539 10.3762 8.382 3.4138
117.1884 10.4562 8.7264 3.2675
118.062 10.5344 8.9794 1.908