83.3851 4.0894 12.8748 1.4905
84.6421 4.1754 12.9875 1.1125
85.9216 4.2923 13.0637 0.39624
87.2076 4.4556 13.1369 0.57302
88.5101 4.6465 13.1856 0.65837
89.8306 4.867 13.1978 0.039624
91.1081 5.0819 13.1643 -1.0698
92.3628 5.277 13.0729 -1.082
93.6173 5.4198 12.9875 -0.40234
94.8785 5.5102 12.9357 -0.50597
96.1478 5.5585 12.8808 -0.68885
97.3918 5.5854 12.826 -0.5334
98.6388 5.62 12.7894 -0.14326
99.8857 5.6543 12.7864 0.10363
101.1328 5.6889 12.7894 -0.01524
102.3796 5.7232 12.7589 -0.47244
103.6348 5.7547 12.7102 -0.59741
104.8656 5.7902 12.7163 0.33833
106.0801 5.8529 12.829 1.9751
107.3336 5.929 13.0759 3.2248
108.6227 6.008 13.3868 3.1669
109.943 6.0964 13.652 2.2464
111.2959 6.2043 13.8288 1.2283
112.643 6.3095 13.905 0.2225
114.0038 6.4071 13.8897 -0.52121
115.3566 6.518 13.8288 -0.82601
116.6856 6.656 13.7617 -0.63094
118.0112 6.7977 13.719 -0.17069