4.2064 -10.0735 10.1529 -0.74371
5.1812 -9.966 10.1011 -0.36881
6.1608 -9.8386 10.0797 0.033528
7.1427 -9.7209 10.0828 0.10058
8.1247 -9.6031 9.7749 -3.4138
9.1065 -9.4854 9.0282 -3.4138
10.0881 -9.3676 8.4308 -3.4138
11.0773 -9.2504 8.2631 2.2982
12.0278 -9.1562 8.5314 3.4138
12.9372 -9.0737 8.9946 2.5024
13.8218 -9.0159 9.1227 -1.2588
14.6909 -9.0006 9.0556 0.01524
15.569 -9.021 9.0708 0.51511
16.4673 -9.0375 9.1105 0.32614
17.3578 -9.052 9.1318 -0.009144
18.2483 -9.0665 9.1257 -0.12497
19.139 -9.0808 9.1196 0.024384
20.0297 -9.0955 9.1592 0.6096
20.9132 -9.1131 9.2751 1.6459
21.8189 -9.1114 9.4854 2.6426
22.7539 -9.1 9.7688 3.1212
23.7219 -9.0826 10.0523 2.7127
24.7193 -9.0557 10.2382 1.271
25.7467 -9.0183 10.2748 -0.54864
26.7521 -8.9663 10.1925 -1.4844
27.7251 -8.8746 10.098 -0.72238
28.6861 -8.7683 10.098 0.77419
29.6593 -8.6768 10.1681 1.0516
30.6716 -8.6248 10.1864 -0.39624
31.6851 -8.5984 10.0797 -1.9538
32.6543 -8.5523 9.9273 -1.6246
33.5852 -8.5025 9.8816 0.53035
34.5318 -8.4406 9.9974 2.1763
35.5182 -8.3981 10.1651 1.649
36.5436 -8.3494 10.2565 0.13716
37.545 -8.2981 10.2718 -0.2987
38.5239 -8.2474 10.3022 0.72847
39.5209 -8.1917 10.4089 1.6764
40.5462 -8.1432 10.5491 1.3807
41.5926 -8.0895 10.6467 0.51206
42.6307 -8.036 10.5644 -1.844
43.6684 -7.9825 10.2138 -3.4138
44.7064 -7.9291 9.8207 -3.4138
45.7441 -7.8756 9.6804 0.37186
46.7818 -7.8221 9.8633 3.4138
47.8198 -7.7687 10.2657 3.4138
48.8575 -7.7152 10.5796 1.396
49.8954 -7.6619 10.665 0.006096
50.9332 -7.6083 10.665 0
51.9711 -7.555 10.665 0
53.009 -7.5013 10.665 -0.006096
54.0469 -7.4481 10.665 0
55.0845 -7.3946 10.665 0
56.1226 -7.3411 10.665 0
57.1603 -7.2877 10.665 0
58.1979 -7.2342 10.665 0
59.236 -7.1807 10.665 0
60.2737 -7.1273 10.665 0
61.3115 -7.074 10.665 0
62.3494 -7.0203 10.665 0
63.3873 -6.9671 10.665 0
64.4251 -6.9134 10.665 0
65.463 -6.8601 10.665 0
66.5007 -6.8067 10.665 0
67.5385 -6.753 10.6589 -0.0762
68.5764 -6.6997 10.6558 -0.033528
69.6141 -6.6462 10.6924 0.60655
70.6431 -6.5933 10.8234 1.8989