-11.3155 -10.8392 10.1285 -3.4138
-10.2885 -10.8596 9.7749 -3.4138
-9.2912 -10.8721 9.6652 1.0851
-8.311 -10.8877 9.8786 3.4138
-7.3136 -10.9003 10.2504 3.2065
-6.2776 -10.921 10.3937 -0.50597
-5.2396 -10.9488 10.2352 -2.8164
-4.254 -10.9695 9.9121 -3.4138
-3.31 -10.9804 9.5555 -3.3863
-2.4094 -10.9836 9.2964 -1.8745
-1.5278 -10.998 9.1592 -0.65837
-0.6368 -11.0125 9.1257 0.0762
0.2548 -11.0248 9.1867 0.93574
1.1338 -11.0481 9.3543 2.3195
2.0476 -11.0412 9.6469 3.4138
3.0023 -11.015 10.0371 3.4138
4.0024 -10.9695 10.4303 3.4138
5.0434 -10.9008 10.7351 2.4994
6.1183 -10.7984 10.9179 1.1003
7.1891 -10.6971 10.8356 -2.347
8.2597 -10.5955 10.2992 -3.4138
9.3305 -10.4941 9.6012 -3.4138
10.4012 -10.3927 9.205 -1.8197
11.4808 -10.2963 9.2172 3.4138
12.5141 -10.2254 9.4793 3.1242
13.4824 -10.1573 9.586 -1.9507
14.3969 -10.1011 9.3726 -3.2034
15.2756 -10.0756 9.1562 -1.1186
16.1482 -10.0949 9.0922 0.12802
17.0465 -10.1115 9.1074 0.33223
17.9372 -10.1257 9.1288 0.036576
18.8277 -10.1402 9.1257 -0.13716
19.7186 -10.1547 9.1196 0.036576
20.6091 -10.1692 9.1684 0.73457
21.4917 -10.1869 9.3055 1.9477
22.4008 -10.1814 9.5555 3.1669
23.3437 -10.1665 9.8877 3.4138
24.3255 -10.1449 10.1864 2.6761
25.3496 -10.1215 10.351 0.74066
26.3828 -10.0602 10.3632 -0.78943
27.3772 -9.9657 10.3083 -0.68275
28.3589 -9.8577 10.3114 0.65837
29.3532 -9.7632 10.4059 1.527
30.3792 -9.7044 10.5339 1.2344
31.4207 -9.662 10.6223 0.49987
32.4559 -9.6103 10.6558 0.064008
33.4928 -9.5577 10.6619 0.024384
34.5304 -9.5042 10.665 0.039624
35.5685 -9.4507 10.668 0.009144
36.6064 -9.3971 10.668 0
37.644 -9.3436 10.668 0
38.6819 -9.2903 10.668 0
39.7198 -9.2366 10.668 0
40.7577 -9.1834 10.668 0
41.7955 -9.1297 10.668 0
42.8334 -9.0764 10.4699 -3.1638
43.8711 -9.023 10.0005 -3.4138
44.9091 -8.9695 9.6378 -3.3467
45.9468 -8.916 9.6103 2.5969
46.9845 -8.8626 9.9273 3.4138
48.0225 -8.8091 10.4059 3.4138
49.0602 -8.7556 10.671 0.74066
50.0893 -8.7027 10.7777 1.3137
51.14 -8.6444 10.9454 2.1184
52.2143 -8.5887 11.174 2.5268
53.3111 -8.5316 11.427 2.5878
54.4381 -8.474 11.683 2.5268
55.5878 -8.4149 11.9116 2.1184