47.2272 -1.0492 11.3386 2.6822
48.3598 -0.9908 11.558 1.7435
49.4923 -0.9326 11.6982 0.58217
50.6283 -0.8741 11.7958 1.3137
51.7738 -0.8106 11.936 1.6734
52.9473 -0.7547 12.0762 1.2863
54.142 -0.693 12.1676 0.50292
55.328 -0.6321 12.1981 -0.021336
56.5141 -0.5709 12.195 -0.067056
57.7002 -0.5098 12.189 0
58.8866 -0.4488 12.189 -0.006096
60.0725 -0.3878 12.189 0
61.2587 -0.3267 12.189 0
62.4448 -0.2655 12.189 0
63.6307 -0.2045 12.189 0
64.8169 -0.1434 12.189 0
66.003 -0.0822 12.189 0
67.1891 -0.021 12.189 0
68.375 0.0399 12.189 0
69.5612 0.1011 12.189 0
70.7473 0.1622 12.189 0
71.9332 0.2232 12.189 0.01524
73.1196 0.2842 12.1829 -0.10058
74.3057 0.3453 12.1798 -0.04572
75.4926 0.4082 12.2316 0.86563
76.6657 0.4641 12.4145 2.6274
77.8703 0.5406 12.7589 3.4138
79.1293 0.6196 13.2253 3.4138
80.4427 0.7019 13.6977 3.4138
81.808 0.7892 14.0543 2.8224
83.2071 0.9047 14.2585 1.1217
84.5984 1.021 14.2555 -1.082
85.9899 1.1375 14.094 -2.225
87.3811 1.2537 13.9537 -1.3167
88.7726 1.3698 13.844 -0.57607
90.1759 1.4793 13.6947 -1.4935
91.5215 1.5782 13.4234 -3.4138
92.8053 1.6784 12.9601 -3.4138
94.0316 1.778 12.5029 -3.4138
95.1993 1.8703 12.2377 -1.524
96.3657 1.9296 12.1463 0.094488
97.5597 1.9891 12.1615 0.40843
98.7458 2.0503 12.189 0.048768
99.932 2.1111 12.1859 -0.10973
101.1181 2.1722 12.1768 -0.039624
102.3042 2.2334 12.195 0.28651
103.4858 2.2932 12.2652 1.0333
104.676 2.3587 12.4023 1.7953
105.8891 2.4316 12.573 1.7892
107.1304 2.4992 12.698 0.86563
108.3819 2.5853 12.7406 -0.13106
109.6163 2.7031 12.7193 -0.45415
110.8409 2.8266 12.6766 -0.36881
112.0707 2.943 12.6157 -0.69799
113.3023 3.0453 12.512 -1.3777
114.5144 3.1502 12.3779 -1.5392
115.6954 3.2727 12.2591 -0.94793
116.8721 3.3972 12.195 -0.21946
118.0535 3.5198 12.1829 0.073152