51.3244 -3.6411 11.6616 1.9964
52.4979 -3.5852 11.7775 0.17983
53.6477 -3.5258 11.7927 -0.30175
54.7749 -3.468 11.8232 0.72847
55.9202 -3.4044 11.9299 1.6794
57.0937 -3.3484 12.0701 1.3777
58.2884 -3.2868 12.1676 0.50292
59.4748 -3.2258 12.1981 -0.033528
60.6607 -3.1649 12.195 -0.079248
61.8469 -3.1037 12.195 0.085344
63.033 -3.0425 12.195 0
64.2189 -2.9816 12.1585 -0.62179
65.4142 -2.9184 12.0823 -0.99365
66.5834 -2.8637 12.0487 -0.11278
67.7248 -2.8098 12.1402 1.8898
68.9059 -2.7245 12.4115 3.4138
70.1255 -2.6389 12.7894 3.4138
71.3952 -2.5551 13.1216 2.8438
72.7056 -2.4469 13.3289 1.271
74.008 -2.3351 13.4142 0.18288
75.3103 -2.2234 13.4203 -0.09144
76.6129 -2.1119 13.4173 0.039624
77.9152 -2.0001 13.4295 0.15545
79.2149 -1.8883 13.4234 -0.12497
80.5268 -1.7737 13.3563 -1.0668
81.8323 -1.6763 13.1856 -2.3866
83.1081 -1.5938 12.9418 -2.7462
84.348 -1.5061 12.6705 -2.7402
85.548 -1.4332 12.4602 -1.5301
86.7861 -1.3548 12.5151 1.8593
88.0689 -1.2951 12.8199 3.4138
89.392 -1.239 13.2283 3.4138
90.735 -1.1699 13.5819 2.1549
92.0692 -1.101 13.713 -0.064008
93.4036 -1.0324 13.716 0.06096
94.738 -0.9637 13.7556 0.62789
96.0692 -0.8989 13.8471 1.207
97.4238 -0.8078 13.9629 1.3015
98.787 -0.7067 14.0482 0.55778
100.1699 -0.5837 14.0452 -0.63703
101.5331 -0.4826 13.9568 -1.2954
102.8878 -0.3915 13.8867 -0.44806
104.2102 -0.3291 13.9416 1.4234
105.5604 -0.2431 14.1366 2.8072
106.9549 -0.1599 14.4048 2.8499
108.3792 -0.064 14.6487 1.9995
109.8108 0.0628 14.8224 1.3777
111.2583 0.2216 14.9596 1.2832
112.7077 0.3648 15.0815 1.1979
114.1833 0.4802 15.176 0.81686
115.67 0.5949 15.2339 0.27432
117.1481 0.7343 15.2491 -0.073152
118.6249 0.8876 15.243 -0.064008