34.0054 -2.0845 10.7777 -1.4082
35.037 -2.0314 10.6802 -0.37186
36.0751 -1.978 10.6558 -0.024384
37.1127 -1.9245 10.6558 0.027432
38.1506 -1.8712 10.6893 0.47549
39.1797 -1.8183 10.7808 1.3106
40.2304 -1.7596 10.9484 2.1488
41.3045 -1.7041 11.177 2.5207
42.4013 -1.647 11.2867 0.27432
43.5327 -1.5939 11.1831 -2.2403
44.6742 -1.5352 11.0856 -1.2253
45.8068 -1.4768 11.1404 2.1245
46.9428 -1.4183 11.4178 3.4138
48.0881 -1.3547 11.8201 3.4138
49.2612 -1.2988 12.0762 1.3106
50.4562 -1.2373 12.1676 0.51816
51.6423 -1.1762 12.2011 -0.024384
52.8286 -1.1152 12.192 -0.16459
54.0146 -1.0542 12.1829 -0.021336
55.2017 -0.9911 12.2255 0.71018
56.3775 -0.9366 12.3718 2.0696
57.5799 -0.8629 12.637 3.4077
58.822 -0.7741 12.9967 3.4138
60.1063 -0.6743 13.3655 3.4138
61.427 -0.5578 13.6489 2.286
62.778 -0.4124 13.8135 0.96622
64.1235 -0.269 13.8775 0.13716
65.4687 -0.1254 13.8897 0.024384
66.8142 0.0184 13.8867 -0.033528
68.1594 0.162 13.844 -0.64313
69.5131 0.3085 13.7373 -1.5149
70.8392 0.4408 13.5575 -2.1793
72.1435 0.5633 13.3502 -2.1001
73.4269 0.6713 13.1978 -1.1064
74.6886 0.7584 13.1674 0.381
75.9583 0.8235 13.2618 1.7069
77.2576 0.8909 13.4386 2.0361
78.5792 0.9545 13.6002 1.3411
79.9222 1.0236 13.6947 0.46025
81.2566 1.0923 13.7221 -0.033528
82.591 1.1609 13.716 -0.079248
83.9252 1.2298 13.6398 -1.1826
85.2596 1.2985 13.4691 -2.2311
86.594 1.3671 13.3502 -1.0089
87.9284 1.4358 13.3533 1.079
89.2626 1.5046 13.4356 1.6368
90.6056 1.5738 13.4904 -0.48158
91.9286 1.6299 13.3777 -2.2799
93.213 1.6995 13.1978 -1.6154
94.4705 1.7829 13.0851 -0.54559
95.7368 1.8857 13.015 -0.50902
97.0158 1.9973 12.8991 -1.6794
98.2683 2.0854 12.6919 -2.6822
99.4898 2.1761 12.4541 -2.347
100.6712 2.2409 12.2743 -1.2924
101.8573 2.302 12.189 -0.27127
103.0433 2.363 12.2164 0.72847
104.2207 2.4222 12.3627 2.0422
105.4218 2.4998 12.6248 3.3528
106.6607 2.5786 12.954 3.4138
107.951 2.6471 13.2314 2.289
109.2652 2.7303 13.3838 0.68885
110.5743 2.8613 13.4386 0.064008
111.8651 2.9994 13.4783 0.58826
113.1658 3.1289 13.5575 1.1339
114.4931 3.2421 13.655 0.98146
115.831 3.3592 13.719 0.28042
117.1598 3.497 13.7038 -0.57302