94.0078 -5.624 13.3533 -1.079
95.3212 -5.5148 13.1643 -2.6609
96.597 -5.4218 12.8504 -3.4138
97.8222 -5.3203 12.4877 -3.4138
99.0072 -5.2165 12.2164 -1.9568
100.1625 -5.1379 12.1067 -0.17678
101.3342 -5.0782 12.1097 0.59741
102.5281 -5.0187 12.1585 0.43891
103.7141 -4.9577 12.2103 0.37186
104.8959 -4.8994 12.2834 1.0272
106.0897 -4.83 12.4176 1.7252
107.3035 -4.7476 12.573 1.6215
108.5431 -4.6629 12.6858 0.72847
109.7875 -4.553 12.7224 -0.12192
111.019 -4.3992 12.7224 -0.11887
112.2361 -4.2368 12.7345 0.37186
113.4677 -4.0868 12.7498 0.21641
114.7203 -3.9683 12.7071 -0.89611
115.9611 -3.8619 12.573 -2.0178
117.1686 -3.7397 12.3901 -1.8989
118.3498 -3.6174 12.2804 -0.49682
119.5178 -3.4952 12.3078 1.1491