12.9627 4.4872 3.0419 0
13.2595 4.4824 3.0419 0
13.5565 4.4774 3.0419 0
13.8532 4.4727 3.0419 0
14.1502 4.4677 3.0419 0
14.4469 4.4629 3.0419 0
14.7437 4.4582 3.0419 0
15.0409 4.4534 3.0419 0
15.3376 4.4487 3.0419 0
15.6346 4.4437 3.0419 0
15.9314 4.4389 3.0419 0
16.2283 4.434 3.0419 0
16.5251 4.4292 3.0358 -0.073152
16.8219 4.4245 3.0328 -0.051816
17.119 4.4197 3.0693 0.63703
17.407 4.4151 3.2217 2.1976
17.7139 4.4212 3.5296 3.4138
18.0702 4.42 3.9868 3.4138
18.485 4.4131 4.5171 3.4138
18.9546 4.4055 4.9987 3.4138
19.4851 4.3814 5.3462 2.6304
20.0341 4.3725 5.5626 1.4508
20.5778 4.3637 5.7363 1.6764
21.1315 4.3626 5.9466 2.603
21.7232 4.3597 6.2179 3.0206
22.3506 4.3651 6.5014 2.6914
22.9984 4.3861 6.7361 2.0239
23.6685 4.4192 6.8946 1.2009
24.3531 4.4655 6.9555 0.088392
25.0392 4.501 6.9129 -0.9906
25.7127 4.552 6.8062 -1.3289
26.3585 4.6364 6.7208 -0.61874
26.994 4.7332 6.7178 0.58522
27.6397 4.8176 6.797 1.2222
28.3132 4.8686 6.9098 1.1308
28.9956 4.9044 7.0256 1.0546
29.675 4.9478 7.1537 1.4204
30.3738 4.9902 7.3091 1.7739
31.096 5.0293 7.4646 1.4722
31.8375 5.0674 7.5773 0.80162
32.5826 5.1054 7.6291 0.16459
33.3238 5.1434 7.6078 -0.5395
34.0737 5.1822 7.5103 -1.3442
34.8024 5.2153 7.3396 -2.1488
35.507 5.2513 7.111 -2.5085
36.1894 5.2858 6.8854 -2.1458
36.8375 5.3245 6.7147 -1.3533
37.4762 5.3592 6.6203 -0.46025
38.1183 5.388 6.5959 0.051816
38.7561 5.4106 6.5959 0.064008
39.4046 5.4444 6.6081 0.10363
40.0434 5.5011 6.6294 0.27127
40.6811 5.5743 6.6568 0.37795
41.3357 5.6572 6.6873 0.28042
41.9857 5.7352 6.7056 0.03048
42.6358 5.8134 6.7117 0.051816
43.2858 5.8914 6.6965 -0.25298
43.9359 5.9696 6.605 -1.3564
44.5963 6.0484 6.4069 -2.6914
45.2268 6.106 6.1021 -3.4138
45.8053 6.1704 5.779 -3.0663
46.339 6.245 5.587 -1.0485
46.8417 6.2897 5.6022 1.3503
47.3869 6.3251 5.7668 2.4536
47.9699 6.3438 5.9314 1.2649
48.5806 6.3752 5.9619 -0.78029
49.1608 6.4009 5.8278 -2.1641
49.7173 6.4293 5.5931 -2.603