44.2837 -8.3899 9.9883 -3.4138
45.3216 -8.3366 9.65 -2.9718
46.3594 -8.2829 9.65 2.9566
47.3973 -8.2297 9.9883 3.4138
48.435 -8.1762 10.4607 3.2949
49.473 -8.1227 10.665 0
50.5107 -8.0693 10.665 0
51.5483 -8.0158 10.665 0.006096
52.5864 -7.9623 10.665 0
53.6241 -7.9089 10.6619 -0.085344
54.6622 -7.8554 10.6558 -0.039624
55.6998 -7.8019 10.6924 0.6035
56.7289 -7.7489 10.8234 1.902
57.7781 -7.6831 11.0795 3.2857
58.8678 -7.6206 11.427 3.4138
60.0021 -7.5687 11.7775 3.2857
61.1769 -7.5201 12.0305 1.902
62.3716 -7.4584 12.1615 0.60046
63.5578 -7.3973 12.1981 -0.039624
64.7439 -7.3361 12.195 -0.079248
65.9298 -7.2751 12.189 0
67.116 -7.214 12.1829 -0.0762
68.3021 -7.1528 12.1798 -0.027432
69.488 -7.0918 12.2103 0.47549
70.6656 -7.0312 12.3017 1.3411
71.8644 -6.9652 12.4694 2.094
73.087 -6.902 12.6705 2.097
74.3358 -6.8422 12.8382 1.3381
75.6031 -6.7769 12.9266 0.40234
76.8649 -6.7119 12.951 -0.048768
78.1236 -6.6471 12.9784 0.39929
79.3768 -6.5825 13.0637 1.335
80.6484 -6.5123 13.2314 2.097
81.9463 -6.4457 13.4325 2.1001
83.2678 -6.382 13.5941 1.2649
84.6109 -6.3129 13.5453 -1.7648
85.9453 -6.2442 13.2893 -3.4138
87.2708 -6.1759 13.1399 -0.93574
88.6164 -6.1026 13.2466 3.3071
89.9892 -6.0239 13.5849 3.4138
91.362 -5.9868 13.9781 2.7188
92.7484 -6.002 14.161 0.35662
94.1399 -6.0605 14.1884 0.23774
95.5408 -6.1783 14.2037 0.039624
96.9443 -6.3185 14.2037 -0.079248
98.343 -6.4495 14.1945 -0.10058
99.7418 -6.58 14.1884 -0.039624
101.1404 -6.7107 14.1854 0
102.5389 -6.8414 14.1976 0.19812
103.9377 -6.972 14.2494 0.76505
105.3372 -7.1121 14.3622 1.4752
106.7554 -7.2124 14.5268 1.9355
108.1918 -7.265 14.7371 2.2555
109.6411 -7.2565 14.9931 2.7371
111.1024 -7.1872 15.2674 2.9078
112.6105 -7.0974 15.493 1.966
114.1469 -7.0086 15.6027 0.21946
115.6777 -6.9185 15.5875 -0.80772
117.1797 -6.8031 15.5448 -0.34138
118.6698 -6.6435 15.557 0.67361
120.1801 -6.4862 15.6301 0.99365