71.8554 7.5776 4.5629 -0.033528
72.3 7.6007 4.5994 0.6035
72.7362 7.6231 4.7305 1.8959
73.1924 7.6586 4.9835 3.2857
73.6888 7.6905 5.334 3.4138
74.2303 7.7118 5.6815 3.2857
74.812 7.7301 5.9345 1.8928
75.4136 7.7609 6.0655 0.59436
76.0067 7.7917 6.1021 -0.033528
76.5998 7.8221 6.099 -0.073152
77.1926 7.8527 6.096 0
77.7859 7.8833 6.096 0
78.379 7.9136 6.096 0
78.9718 7.9442 6.093 0
79.5651 7.9748 6.096 0
80.158 8.0054 6.096 0
80.751 8.0358 6.096 0
81.3441 8.0666 6.096 0
81.9372 8.0969 6.093 0
82.5302 8.1277 6.093 0
83.1233 8.1581 6.096 0
83.7161 8.1887 6.0899 -0.073152
84.3094 8.2193 6.0869 -0.036576
84.9025 8.2496 6.1234 0.59436
85.4868 8.2797 6.2362 1.6337
86.0912 8.3227 6.4526 2.792
86.7358 8.3625 6.7757 3.4138
87.4254 8.3915 7.1232 3.4138
88.1554 8.4173 7.4036 2.3835
88.9055 8.4558 7.5712 0.86258
89.6468 8.4941 7.623 -0.036576
90.388 8.5322 7.62 -0.0762
91.1293 8.5705 7.6139 0
91.8706 8.6087 7.6139 0
92.6122 8.6468 7.617 0
93.3533 8.6849 7.62 0.057912
94.0946 8.7232 7.6139 -0.10973
94.8369 8.7634 7.5468 -1.0485
95.5835 8.7951 7.3548 -2.6396
96.3047 8.8067 7.0226 -3.4138
96.9674 8.8328 6.5867 -3.4138
97.588 8.8582 6.157 -3.4138
98.1503 8.8974 5.84 -2.4018
98.6886 8.9271 5.6723 -0.80162
99.2372 8.9552 5.6236 0.036576
99.7856 8.9835 5.6266 0.057912
100.3342 9.0116 5.6297 -0.042672
100.8828 9.0402 5.6479 0.31394
101.4277 9.066 5.7424 1.4265
101.9774 9.1053 5.968 3.0419
102.5591 9.1574 6.3368 3.4138
103.1964 9.1972 6.8092 3.4138
103.8811 9.2393 7.3213 3.4138
104.6221 9.2816 7.8242 3.4138
105.4122 9.3197 8.2753 3.4138
106.242 9.3482 8.6015 2.5451
107.1203 9.3689 8.7417 0.36271
107.9915 9.3993 8.7264 -1.0638
108.8245 9.4534 8.6502 -0.78638
109.6482 9.5183 8.638 0.55778
110.4826 9.5738 8.7295 1.4234
111.3439 9.6002 8.8575 1.3167
112.2221 9.6212 8.9703 0.89002
113.1 9.6702 9.0708 0.95098
113.9761 9.7449 9.1958 1.521
114.8693 9.8366 9.3513 1.7678
115.7919 9.9271 9.5067 1.4356
116.7279 10.0242 9.65 1.2497