57.2037 6.4151 4.569 0
57.6483 6.4382 4.575 0.0762
58.0931 6.4611 4.5781 0.033528
58.5379 6.484 4.5507 -0.46939
58.9913 6.5074 4.4592 -1.3137
59.4234 6.525 4.2916 -2.1184
59.8318 6.5459 4.0599 -2.5664
60.2174 6.5652 3.8039 -2.6213
60.5729 6.5839 3.5753 -2.094
60.9016 6.6054 3.4351 -0.85039
61.2149 6.6218 3.4077 0.40234
61.5479 6.6388 3.4564 0.82601
61.8945 6.6568 3.5204 0.50597
62.2444 6.6748 3.5814 0.48768
62.5858 6.6924 3.6728 1.2375
62.9371 6.7159 3.8374 2.1245
63.323 6.735 4.0599 2.5146
63.7313 6.7559 4.2916 2.1427
64.1632 6.7737 4.4592 1.3076
64.6166 6.7971 4.5507 0.47854
65.0614 6.82 4.5781 -0.024384
65.5062 6.8429 4.575 -0.067056
65.951 6.8658 4.572 -0.021336
66.3958 6.8886 4.5659 -0.0762
66.8416 6.9135 4.572 0.12802
67.2822 6.9309 4.6147 0.65837
67.7265 6.9486 4.7061 1.2192
68.1912 6.9874 4.8402 1.521
68.6674 7.0407 4.9835 1.3929
69.1558 7.1114 5.0963 0.95098
69.661 7.2022 5.1664 0.43282
70.162 7.2876 5.1938 0.048768
70.663 7.373 5.1968 -0.018288
71.1642 7.4582 5.1938 -0.027432
71.6652 7.5436 5.1786 -0.21946
72.1686 7.6303 5.1633 -0.19202
72.662 7.7172 5.1907 0.5395
73.1509 7.794 5.3096 1.8105
73.6654 7.85 5.5321 2.8224
74.2186 7.8908 5.8247 3.1577
74.8025 7.9209 6.1509 3.2675
75.4119 7.9596 6.4983 3.4138
76.0565 7.999 6.8702 3.4138
76.7463 8.0283 7.2177 3.2766
77.476 8.0538 7.4402 1.4204
78.235 8.093 7.4767 -0.74066
78.9633 8.1261 7.3487 -2.1336
79.6683 8.1621 7.1476 -2.1001
80.347 8.2018 6.9769 -1.3503
81.007 8.2358 6.855 -0.94793
81.6812 8.2706 6.7605 -0.84734
82.3328 8.3039 6.6843 -0.80162
82.9705 8.3368 6.6172 -0.5395
83.6169 8.3701 6.5867 -0.033528
84.2514 8.4027 6.6264 0.67666
84.8892 8.4355 6.7544 1.8044
85.5465 8.4806 6.9616 2.5603
86.2349 8.5167 7.1963 2.3287
86.9649 8.5425 7.3914 1.5636
87.7148 8.5813 7.5133 0.81077
88.4562 8.6195 7.5743 0.41148
89.1973 8.6576 7.6048 0.16459
89.9389 8.6957 7.6139 0
90.6802 8.734 7.6139 0
91.4213 8.772 7.6139 0
92.1626 8.8103 7.6139 0
92.904 8.8486 7.6139 0
93.6453 8.8865 7.617 0