70.4754 -3.1726 10.6985 0
71.5055 -2.9708 10.6985 0
72.5357 -2.7691 10.6985 0
73.5659 -2.5674 10.6985 0.006096
74.5961 -2.3656 10.6985 0
75.6264 -2.1641 10.6924 -0.082296
76.6566 -1.9624 10.6893 -0.036576
77.6868 -1.7606 10.7259 0.60046
78.7084 -1.5594 10.857 1.8959
79.7499 -1.3451 11.11 3.2857
80.8317 -1.1343 11.4605 3.4138
81.9585 -0.9341 11.808 3.2857
83.1256 -0.737 12.064 1.8959
84.3126 -0.5273 12.1097 -0.76505
85.4912 -0.3179 11.9512 -2.5786
86.6697 -0.1087 11.811 -1.2619
87.8481 0.1006 11.811 1.2832
89.0266 0.3102 11.9543 2.606
90.205 0.5194 12.1524 1.3838
91.3834 0.7287 12.2408 0
92.5621 0.9381 12.2408 0
93.7403 1.1475 12.2316 -0.10363
94.9188 1.3568 12.2133 -0.25603
96.0969 1.5748 12.195 -0.19812
97.2644 1.7727 12.195 0.11887
98.4403 1.9294 12.2103 0.32309
99.6287 2.0433 12.2286 0.12192
100.8258 2.1158 12.2225 -0.26518
102.0125 2.1679 12.2011 -0.26822
103.1986 2.2291 12.2194 0.45415
104.3774 2.2886 12.3322 1.7252
105.5747 2.3621 12.5547 2.856
106.8055 2.4388 12.8321 2.9566
108.0812 2.506 13.0607 1.7922
109.3746 2.5886 13.1704 0.36271
110.6598 2.7185 13.207 0.018288
111.9256 2.8556 13.2588 0.85954
113.203 2.9837 13.3777 1.6855
114.5156 3.0968 13.5301 1.5789
115.8448 3.2103 13.6489 0.81077
117.1739 3.3483 13.7038 0.20726
118.5041 3.4889 13.716 0