77.9291 1.155 13.841 -0.6919
79.2815 1.3167 13.7404 -1.4021
80.6051 1.4623 13.6002 -1.6154
81.9072 1.602 13.4844 -0.81382
83.2059 1.722 13.463 0.40234
84.5007 1.7993 13.4325 -0.48768
85.8359 1.8644 13.271 -2.4567
87.165 1.9266 13.0942 -2.1946
88.4586 1.9977 13.0363 0.61874
89.7302 2.0679 13.1978 3.4138
91.043 2.1417 13.5301 3.4138
92.3859 2.2 13.8318 2.2586
93.7435 2.2717 14.0086 1.335
95.1224 2.3434 14.0574 -0.16764
96.5118 2.3979 13.9355 -2.2037
97.874 2.4198 13.6368 -3.4138
99.192 2.4509 13.2436 -3.4138
100.4519 2.4914 12.9022 -2.9017
101.6738 2.5117 12.6949 -1.1582
102.9066 2.5306 12.6218 -0.073152
104.1395 2.5496 12.6187 0.0762
105.3725 2.5684 12.634 0.17983
106.6054 2.5874 12.6797 0.63703
107.8366 2.5981 12.7559 0.9967
109.0926 2.6378 12.8778 1.4539
110.3468 2.7291 13.0881 2.475
111.6047 2.8711 13.4142 3.4138
112.9153 3.0207 13.8532 3.4138
114.2854 3.1686 14.3317 3.4138
115.7082 3.3034 14.7371 3.4138
117.1686 3.4282 15.0144 2.033
118.6389 3.5741 15.1638 0.89002