-5.5926 3.8609 0.83515 -0.094488
-5.5108 3.8669 0.82906 -0.048768
-5.4291 3.8729 0.87478 0.7559
-5.3579 3.8789 1.0333 2.286
-5.2617 3.9007 1.332 3.4138
-5.1129 3.9097 1.7374 3.4138
-4.9232 3.9162 2.1458 3.4138
-4.681 3.9097 2.4414 2.2738
-4.4139 3.9193 2.5999 0.75286
-4.1573 3.9286 2.6457 -0.042672
-3.9009 3.9381 2.6396 -0.09144
-3.6443 3.9473 2.6426 0.12497
-3.3877 3.9566 2.6457 0
-3.1311 3.9659 2.5878 -0.92659
-2.8608 3.9733 2.414 -2.4811
-2.629 3.9722 2.1123 -3.4138
-2.4421 3.9849 1.7617 -3.4138
-2.2993 4.0134 1.5057 -1.7983
-2.1873 4.0248 1.4112 0.051816
-2.0526 4.0234 1.4356 0.82296
-1.8966 4.0192 1.4996 0.49073
-1.7482 4.0168 1.5301 0
-1.5998 4.0144 1.524 -0.1463
-1.4512 4.0118 1.5118 -0.057912
-1.3029 4.0095 1.5484 0.57302
-1.1633 4.0072 1.6764 1.8928
-1.0048 4.0161 1.9324 3.3162
-0.803 4.0173 2.286 3.4138
-0.5594 4.0087 2.6396 3.3101
-0.2726 3.9929 2.8926 1.8898
0.0332 3.9878 3.0236 0.57302
0.3299 3.9831 3.0571 -0.057912
0.6269 3.9781 3.051 -0.0762
0.9237 3.9733 3.048 0
1.2206 3.9688 3.048 0
1.5176 3.9638 3.048 0
1.8144 3.9591 3.048 0
2.1113 3.9541 3.048 0
2.4081 3.9493 3.048 0
2.7051 3.9444 3.048 0
3.0018 3.9396 3.048 0
3.2988 3.9351 3.048 0
3.5958 3.9301 3.048 0
3.8925 3.9254 3.048 0
4.1895 3.9204 3.0419 -0.0762
4.4862 3.9156 3.0358 -0.054864
4.783 3.9109 3.0724 0.57607
5.0712 3.906 3.2004 1.8898
5.3783 3.9123 3.4564 3.301
5.7283 3.9114 3.7795 3.4138
6.1204 3.892 4.0386 2.0361
6.5544 3.8803 4.1758 0.51206
6.9575 3.8613 4.2398 0.31394
7.3562 3.8586 4.3312 1.4569
7.7786 3.8675 4.5049 2.3134
8.2307 3.8726 4.7031 1.8349
8.7146 3.895 4.8006 0.25298
9.1903 3.917 4.7732 -0.95707
9.6656 3.939 4.7153 -0.65532
10.1413 3.961 4.7061 0.49987
10.6166 3.9829 4.8158 1.8562
11.0818 4.0037 5.0597 2.8986
11.5754 4.0452 5.398 3.4138
12.1162 4.0819 5.8095 3.4138
12.7049 4.1159 6.2179 3.4138
13.3411 4.1453 6.5227 2.35
14.0054 4.1952 6.6873 0.82296
14.6594 4.2442 6.7391 0