29.8856 4.5244 4.2855 -0.012192
30.3002 4.5519 4.3038 0.33223
30.7165 4.5792 4.3556 0.6797
31.1413 4.605 4.4257 0.8443
31.5776 4.6293 4.4988 0.67361
32.0224 4.6522 4.5446 0.24994
32.4687 4.6749 4.5629 0.024384
32.9135 4.6978 4.6025 0.56693
33.3497 4.7202 4.7305 1.8776
33.8059 4.7556 4.9896 3.3711
34.3023 4.7875 5.3431 3.4138
34.8438 4.8089 5.6601 2.7828
35.4339 4.8274 5.8186 0.52121
36.0229 4.8534 5.8064 -1.1125
36.5753 4.8861 5.7333 -0.8382
37.1097 4.9137 5.7272 0.72238
37.6619 4.9466 5.8339 1.7099
38.2423 4.9721 5.9771 1.3746
38.844 5.003 6.0747 0.50292
39.4371 5.0338 6.1051 -0.033528
40.0301 5.0641 6.099 -0.073152
40.623 5.0947 6.096 0
41.2163 5.1253 6.096 0
41.8091 5.1559 6.096 0
42.4022 5.1863 6.096 0
42.9955 5.2168 6.096 0
43.5883 5.2474 6.0716 -0.41148
44.1814 5.2778 6.0107 -0.77114
44.7745 5.3086 5.968 -0.3749
45.3675 5.339 5.968 0.36271
45.9604 5.3695 6.0107 0.7681
46.5537 5.4001 6.0747 0.49073
47.1465 5.4307 6.1051 0.036576
47.7398 5.4613 6.0686 -0.6035
48.3415 5.4922 5.9345 -1.905
48.9232 5.5104 5.6815 -3.2918
49.4644 5.532 5.331 -3.4138
49.9608 5.5639 4.9835 -3.2766
50.417 5.5993 4.7305 -1.8928
50.8532 5.6217 4.5994 -0.6035
51.298 5.6446 4.5629 0.033528
51.7428 5.6675 4.5659 0.0762
52.1876 5.6904 4.572 0
52.6324 5.7132 4.572 0
53.0772 5.7361 4.572 0
53.522 5.759 4.572 0
53.9668 5.7819 4.572 0
54.4114 5.805 4.572 0
54.8562 5.8279 4.572 0
55.301 5.8508 4.572 0
55.7458 5.8737 4.572 0
56.1906 5.8965 4.572 0
56.6354 5.9194 4.572 0
57.0802 5.9423 4.572 0
57.525 5.9652 4.572 0
57.9698 5.9881 4.572 0
58.4146 6.011 4.572 0
58.8594 6.0339 4.572 0
59.304 6.0569 4.572 0
59.7488 6.0798 4.572 0
60.1936 6.1027 4.572 0
60.6384 6.1256 4.572 0
61.0832 6.1485 4.572 0
61.528 6.1714 4.572 0
61.9728 6.1943 4.572 0
62.4176 6.2171 4.572 0
62.8624 6.24 4.572 0
63.3072 6.2629 4.572 0