83.8957 7.7842 4.8494 2.1153
84.377 7.8091 5.078 2.5268
84.8807 7.8358 5.334 2.5878
85.4147 7.8626 5.5656 2.2128
85.9712 7.8909 5.7516 1.524
86.5517 7.9165 5.8857 1.0211
87.1533 7.9473 5.9741 0.74676
87.7464 7.9781 6.035 0.55778
88.3395 8.0085 6.0777 0.24079
88.9325 8.0389 6.093 0
89.5256 8.0697 6.093 0
90.1187 8.1001 6.093 0
90.7115 8.1306 6.0869 -0.082296
91.3048 8.1612 6.0808 -0.033528
91.8977 8.1918 6.1204 0.60655
92.4819 8.2219 6.2514 1.905
93.0865 8.265 6.5044 3.2857
93.7312 8.3044 6.855 3.4138
94.421 8.3337 7.2024 3.2736
95.1507 8.3592 7.4554 1.8989
95.9006 8.398 7.5865 0.60655
96.6422 8.4361 7.623 -0.033528
97.3835 8.4743 7.62 -0.082296
98.1247 8.5124 7.6139 0
98.866 8.5507 7.6139 0
99.6073 8.589 7.6139 0
100.3487 8.6268 7.6139 0
101.09 8.6651 7.6139 0
101.8313 8.7034 7.6139 0
102.5725 8.7415 7.6139 0
103.3138 8.7798 7.6109 -0.048768
104.0551 8.818 7.6078 -0.054864
104.7965 8.8559 7.6261 0.34138
105.5319 8.894 7.7114 1.2314
106.2777 8.937 7.8852 2.2982
107.0531 8.9813 8.129 2.7584
107.8588 9.0178 8.3454 1.8623
108.702 9.048 8.4399 0.10363
109.5402 9.0985 8.4033 -1.1125
110.3404 9.1808 8.3271 -0.77724
111.1285 9.2759 8.321 0.63703
111.9287 9.3583 8.4277 1.6794
112.7583 9.4057 8.5923 1.7892
113.6097 9.4446 8.7569 1.4722
114.4677 9.5065 8.8941 1.2283
115.3357 9.5791 9.0038 1.0302
116.2178 9.6669 9.0861 0.65532
117.1065 9.7616 9.1318 0.21946
117.9925 9.8535 9.147 -0.009144